-0.37495    0
-0.37485    0
-0.37475    0
-0.37465    0
-0.37455    0
-0.37445    0
-0.37435    0
-0.37425    0
-0.37415    0
-0.37405    0
-0.37395    0
-0.37385    0
-0.37375    0
-0.37365    0
-0.37355    0
-0.37345    0
-0.37335    0
-0.37325    0
-0.37315    0
-0.37305    0
-0.37295    0
-0.37285    0
-0.37275    0
-0.37265    0
-0.37255    0
-0.37245    0
-0.37235    0
-0.37225    0
-0.37215    0
-0.37205    0
-0.37195    0
-0.37185    0
-0.37175    0
-0.37165    0
-0.37155    0
-0.37145    0
-0.37135    0
-0.37125    0
-0.37115    0
-0.37105    0
-0.37095    0
-0.37085    0
-0.37075    0
-0.37065    0
-0.37055    0
-0.37045    0
-0.37035    0
-0.37025    0
-0.37015    0
-0.37005    0
-0.36995    0
-0.36985    0
-0.36975    0
-0.36965    0
-0.36955    0
-0.36945    0
-0.36935    0
-0.36925    0
-0.36915    0
-0.36905    0
-0.36895    0
-0.36885    0
-0.36875    0
-0.36865    0
-0.36855    0
-0.36845    0
-0.36835    0
-0.36825    0
-0.36815    0
-0.36805    0
-0.36795    0
-0.36785    0
-0.36775    0
-0.36765    0
-0.36755    0
-0.36745    0
-0.36735    0
-0.36725    0
-0.36715    0
-0.36705    0
-0.36695    0
-0.36685    0
-0.36675    0
-0.36665    0
-0.36655    0
-0.36645    0
-0.36635    0
-0.36625    0
-0.36615    0
-0.36605    0
-0.36595    0
-0.36585    0
-0.36575    0
-0.36565    0
-0.36555    0
-0.36545    0
-0.36535    0
-0.36525    0
-0.36515    0
-0.36505    0
-0.36495    0
-0.36485    0
-0.36475    0
-0.36465    0
-0.36455    0
-0.36445    0
-0.36435    0
-0.36425    0
-0.36415    0
-0.36405    0
-0.36395    0
-0.36385    0
-0.36375    0
-0.36365    0
-0.36355    0
-0.36345    0
-0.36335    0
-0.36325    0
-0.36315    0
-0.36305    0
-0.36295    0
-0.36285    0
-0.36275    0
-0.36265    0
-0.36255    0
-0.36245    0
-0.36235    0
-0.36225    0
-0.36215    0
-0.36205    0
-0.36195    0
-0.36185    0
-0.36175    0
-0.36165    0
-0.36155    0
-0.36145    0
-0.36135    0
-0.36125    0
-0.36115    0
-0.36105    0
-0.36095    0
-0.36085    0
-0.36075    0
-0.36065    0
-0.36055    0
-0.36045    0
-0.36035    0
-0.36025    0
-0.36015    0
-0.36005    0
-0.35995    0
-0.35985    0
-0.35975    0
-0.35965    0
-0.35955    0
-0.35945    0
-0.35935    0
-0.35925    0
-0.35915    0
-0.35905    0
-0.35895    0
-0.35885    0
-0.35875    0
-0.35865    0
-0.35855    0
-0.35845    0
-0.35835    0
-0.35825    0
-0.35815    0
-0.35805    0
-0.35795    0
-0.35785    0
-0.35775    0
-0.35765    0
-0.35755    0
-0.35745    0
-0.35735    0
-0.35725    0
-0.35715    0
-0.35705    0
-0.35695    0
-0.35685    0
-0.35675    0
-0.35665    0
-0.35655    0
-0.35645    0
-0.35635    0
-0.35625    0
-0.35615    0
-0.35605    0
-0.35595    0
-0.35585    0
-0.35575    0
-0.35565    0
-0.35555    0
-0.35545    0
-0.35535    0
-0.35525    0
-0.35515    0
-0.35505    0
-0.35495    0
-0.35485    0
-0.35475    0
-0.35465    0
-0.35455    0
-0.35445    0
-0.35435    0
-0.35425    0
-0.35415    0
-0.35405    0
-0.35395    0
-0.35385    0
-0.35375    0
-0.35365    0
-0.35355    0
-0.35345    0
-0.35335    0
-0.35325    0
-0.35315    0
-0.35305    0
-0.35295    0
-0.35285    0
-0.35275    0
-0.35265    0
-0.35255    0
-0.35245    0
-0.35235    0
-0.35225    0
-0.35215    0
-0.35205    0
-0.35195    0
-0.35185    0
-0.35175    0
-0.35165    0
-0.35155    0
-0.35145    0
-0.35135    0
-0.35125    0
-0.35115    0
-0.35105    0
-0.35095    0
-0.35085    0
-0.35075    0
-0.35065    0
-0.35055    0
-0.35045    0
-0.35035    0
-0.35025    0
-0.35015    0
-0.35005    0
-0.34995    0
-0.34985    0
-0.34975    0
-0.34965    0
-0.34955    0
-0.34945    0
-0.34935    0
-0.34925    0
-0.34915    0
-0.34905    0
-0.34895    0
-0.34885    0
-0.34875    0
-0.34865    0
-0.34855    0
-0.34845    0
-0.34835    0
-0.34825    0
-0.34815    0
-0.34805    0
-0.34795    0
-0.34785    0
-0.34775    0
-0.34765    0
-0.34755    0
-0.34745    0
-0.34735    0
-0.34725    0
-0.34715    0
-0.34705    0
-0.34695    0
-0.34685    0
-0.34675    0
-0.34665    0
-0.34655    0
-0.34645    0
-0.34635    0
-0.34625    0
-0.34615    0
-0.34605    0
-0.34595    0
-0.34585    0
-0.34575    0
-0.34565    0
-0.34555    0
-0.34545    0
-0.34535    0
-0.34525    0
-0.34515    0
-0.34505    0
-0.34495    0
-0.34485    0
-0.34475    0
-0.34465    0
-0.34455    0
-0.34445    0
-0.34435    0
-0.34425    0
-0.34415    0
-0.34405    0
-0.34395    0
-0.34385    0
-0.34375    0
-0.34365    0
-0.34355    0
-0.34345    0
-0.34335    0
-0.34325    0
-0.34315    0
-0.34305    0
-0.34295    0
-0.34285    0
-0.34275    0
-0.34265    0
-0.34255    0
-0.34245    0
-0.34235    0
-0.34225    0
-0.34215    0
-0.34205    0
-0.34195    0
-0.34185    0
-0.34175    0
-0.34165    0
-0.34155    0
-0.34145    0
-0.34135    0
-0.34125    0
-0.34115    0
-0.34105    0
-0.34095    0
-0.34085    0
-0.34075    0
-0.34065    0
-0.34055    0
-0.34045    0
-0.34035    0
-0.34025    0
-0.34015    0
-0.34005    0
-0.33995    0
-0.33985    0
-0.33975    0
-0.33965    0
-0.33955    0
-0.33945    0
-0.33935    0
-0.33925    0
-0.33915    0
-0.33905    0
-0.33895    0
-0.33885    0
-0.33875    0
-0.33865    0
-0.33855    0
-0.33845    0
-0.33835    0
-0.33825    0
-0.33815    0
-0.33805    0
-0.33795    0
-0.33785    0
-0.33775    0
-0.33765    0
-0.33755    0
-0.33745    0
-0.33735    0
-0.33725    0
-0.33715    0
-0.33705    0
-0.33695    0
-0.33685    0
-0.33675    0
-0.33665    0
-0.33655    0
-0.33645    0
-0.33635    0
-0.33625    0
-0.33615    0
-0.33605    0
-0.33595    0
-0.33585    0
-0.33575    0
-0.33565    0
-0.33555    0
-0.33545    0
-0.33535    0
-0.33525    0
-0.33515    0
-0.33505    0
-0.33495    0
-0.33485    0
-0.33475    0
-0.33465    0
-0.33455    0
-0.33445    0
-0.33435    0
-0.33425    0
-0.33415    0
-0.33405    0
-0.33395    0
-0.33385    0
-0.33375    0
-0.33365    0
-0.33355    0
-0.33345    0
-0.33335    0
-0.33325    0
-0.33315    0
-0.33305    0
-0.33295    0
-0.33285    0
-0.33275    0
-0.33265    0
-0.33255    0
-0.33245    0
-0.33235    0
-0.33225    0
-0.33215    0
-0.33205    0
-0.33195    0
-0.33185    0
-0.33175    0
-0.33165    0
-0.33155    0
-0.33145    0
-0.33135    0
-0.33125    0
-0.33115    0
-0.33105    0
-0.33095    0
-0.33085    0
-0.33075    0
-0.33065    0
-0.33055    0
-0.33045    0
-0.33035    0
-0.33025    0
-0.33015    0
-0.33005    0
-0.32995    0
-0.32985    0
-0.32975    0
-0.32965    0
-0.32955    0
-0.32945    0
-0.32935    0
-0.32925    0
-0.32915    0
-0.32905    0
-0.32895    0
-0.32885    0
-0.32875    0
-0.32865    0
-0.32855    0
-0.32845    0
-0.32835    0
-0.32825    0
-0.32815    0
-0.32805    0
-0.32795    0
-0.32785    0
-0.32775    0
-0.32765    0
-0.32755    0
-0.32745    0
-0.32735    0
-0.32725    0
-0.32715    0
-0.32705    0
-0.32695    0
-0.32685    0
-0.32675    0
-0.32665    0
-0.32655    0
-0.32645    0
-0.32635    0
-0.32625    0
-0.32615    0
-0.32605    0
-0.32595    0
-0.32585    0
-0.32575    0
-0.32565    0
-0.32555    0
-0.32545    0
-0.32535    0
-0.32525    0
-0.32515    0
-0.32505    0
-0.32495    0
-0.32485    0
-0.32475    0
-0.32465    0
-0.32455    0
-0.32445    0
-0.32435    0
-0.32425    0
-0.32415    0
-0.32405    0
-0.32395    0
-0.32385    0
-0.32375    0
-0.32365    0
-0.32355    0
-0.32345    0
-0.32335    0
-0.32325    0
-0.32315    0
-0.32305    0
-0.32295    0
-0.32285    0
-0.32275    0
-0.32265    0
-0.32255    0
-0.32245    0
-0.32235    0
-0.32225    0
-0.32215    0
-0.32205    0
-0.32195    0
-0.32185    0
-0.32175    0
-0.32165    0
-0.32155    0
-0.32145    0
-0.32135    0
-0.32125    0
-0.32115    0
-0.32105    0
-0.32095    0
-0.32085    0
-0.32075    0
-0.32065    0
-0.32055    0
-0.32045    0
-0.32035    0
-0.32025    0
-0.32015    0
-0.32005    0
-0.31995    0
-0.31985    0
-0.31975    0
-0.31965    0
-0.31955    0
-0.31945    0
-0.31935    0
-0.31925    0
-0.31915    0
-0.31905    0
-0.31895    0
-0.31885    0
-0.31875    0
-0.31865    0
-0.31855    0
-0.31845    0
-0.31835    0
-0.31825    0
-0.31815    0
-0.31805    0
-0.31795    0
-0.31785    0
-0.31775    0
-0.31765    0
-0.31755    0
-0.31745    0
-0.31735    0
-0.31725    0
-0.31715    0
-0.31705    0
-0.31695    0
-0.31685    0
-0.31675    0
-0.31665    0
-0.31655    0
-0.31645    0
-0.31635    0
-0.31625    0
-0.31615    0
-0.31605    0
-0.31595    0
-0.31585    0
-0.31575    0
-0.31565    0
-0.31555    0
-0.31545    0
-0.31535    0
-0.31525    0
-0.31515    0
-0.31505    0
-0.31495    0
-0.31485    0
-0.31475    0
-0.31465    0
-0.31455    0
-0.31445    0
-0.31435    0
-0.31425    0
-0.31415    0
-0.31405    0
-0.31395    0
-0.31385    0
-0.31375    0
-0.31365    0
-0.31355    0
-0.31345    0
-0.31335    0
-0.31325    0
-0.31315    0
-0.31305    0
-0.31295    0
-0.31285    0
-0.31275    0
-0.31265    0
-0.31255    0
-0.31245    0
-0.31235    0
-0.31225    0
-0.31215    0
-0.31205    0
-0.31195    0
-0.31185    0
-0.31175    0
-0.31165    0
-0.31155    0
-0.31145    0
-0.31135    0
-0.31125    0
-0.31115    0
-0.31105    0
-0.31095    0
-0.31085    0
-0.31075    0
-0.31065    0
-0.31055    0
-0.31045    0
-0.31035    0
-0.31025    0
-0.31015    0
-0.31005    0
-0.30995    0
-0.30985    0
-0.30975    0
-0.30965    0
-0.30955    0
-0.30945    0
-0.30935    0
-0.30925    0
-0.30915    0
-0.30905    0
-0.30895    0
-0.30885    0
-0.30875    0
-0.30865    0
-0.30855    0
-0.30845    0
-0.30835    0
-0.30825    0
-0.30815    0
-0.30805    0
-0.30795    0
-0.30785    0
-0.30775    0
-0.30765    0
-0.30755    0
-0.30745    0
-0.30735    0
-0.30725    0
-0.30715    0
-0.30705    0
-0.30695    0
-0.30685    0
-0.30675    0
-0.30665    0
-0.30655    0
-0.30645    0
-0.30635    0
-0.30625    0
-0.30615    0
-0.30605    0
-0.30595    0
-0.30585    0
-0.30575    0
-0.30565    0
-0.30555    0
-0.30545    0
-0.30535    0
-0.30525    0
-0.30515    0
-0.30505    0
-0.30495    0
-0.30485    0
-0.30475    0
-0.30465    0
-0.30455    0
-0.30445    0
-0.30435    0
-0.30425    0
-0.30415    0
-0.30405    0
-0.30395    0
-0.30385    0
-0.30375    0
-0.30365    0
-0.30355    0
-0.30345    0
-0.30335    0
-0.30325    0
-0.30315    0
-0.30305    0
-0.30295    0
-0.30285    0
-0.30275    0
-0.30265    0
-0.30255    0
-0.30245    0
-0.30235    0
-0.30225    0
-0.30215    0
-0.30205    0
-0.30195    0
-0.30185    0
-0.30175    0
-0.30165    0
-0.30155    0
-0.30145    0
-0.30135    0
-0.30125    0
-0.30115    0
-0.30105    0
-0.30095    0
-0.30085    0
-0.30075    0
-0.30065    0
-0.30055    0
-0.30045    0
-0.30035    0
-0.30025    0
-0.30015    0
-0.30005    0
-0.29995    0
-0.29985    0
-0.29975    0
-0.29965    0
-0.29955    0
-0.29945    0
-0.29935    0
-0.29925    0
-0.29915    0
-0.29905    0
-0.29895    0
-0.29885    0
-0.29875    0
-0.29865    0
-0.29855    0
-0.29845    0
-0.29835    0
-0.29825    0
-0.29815    0
-0.29805    0
-0.29795    0
-0.29785    0
-0.29775    0
-0.29765    0
-0.29755    0
-0.29745    0
-0.29735    0
-0.29725    0
-0.29715    0
-0.29705    0
-0.29695    0
-0.29685    0
-0.29675    0
-0.29665    0
-0.29655    0
-0.29645    0
-0.29635    0
-0.29625    0
-0.29615    0
-0.29605    0
-0.29595    0
-0.29585    0
-0.29575    0
-0.29565    0
-0.29555    0
-0.29545    0
-0.29535    0
-0.29525    0
-0.29515    0
-0.29505    0
-0.29495    0
-0.29485    0
-0.29475    0
-0.29465    0
-0.29455    0
-0.29445    0
-0.29435    0
-0.29425    0
-0.29415    0
-0.29405    0
-0.29395    0
-0.29385    0
-0.29375    0
-0.29365    0
-0.29355    0
-0.29345    0
-0.29335    0
-0.29325    0
-0.29315    0
-0.29305    0
-0.29295    0
-0.29285    0
-0.29275    0
-0.29265    0
-0.29255    0
-0.29245    0
-0.29235    0
-0.29225    0
-0.29215    0
-0.29205    0
-0.29195    0
-0.29185    0
-0.29175    0
-0.29165    0
-0.29155    0
-0.29145    0
-0.29135    0
-0.29125    0
-0.29115    0
-0.29105    0
-0.29095    0
-0.29085    0
-0.29075    0
-0.29065    0
-0.29055    0
-0.29045    0
-0.29035    0
-0.29025    0
-0.29015    0
-0.29005    0
-0.28995    0
-0.28985    0
-0.28975    0
-0.28965    0
-0.28955    0
-0.28945    0
-0.28935    0
-0.28925    0
-0.28915    0
-0.28905    0
-0.28895    0
-0.28885    0
-0.28875    0
-0.28865    0
-0.28855    0
-0.28845    0
-0.28835    0
-0.28825    0
-0.28815    0
-0.28805    0
-0.28795    0
-0.28785    0
-0.28775    0
-0.28765    0
-0.28755    0
-0.28745    0
-0.28735    0
-0.28725    0
-0.28715    0
-0.28705    0
-0.28695    0
-0.28685    0
-0.28675    0
-0.28665    0
-0.28655    0
-0.28645    0
-0.28635    0
-0.28625    0
-0.28615    0
-0.28605    0
-0.28595    0
-0.28585    0
-0.28575    0
-0.28565    0
-0.28555    0
-0.28545    0
-0.28535    0
-0.28525    0
-0.28515    0
-0.28505    0
-0.28495    0
-0.28485    0
-0.28475    0
-0.28465    0
-0.28455    0
-0.28445    0
-0.28435    0
-0.28425    0
-0.28415    0
-0.28405    0
-0.28395    0
-0.28385    0
-0.28375    0
-0.28365    0
-0.28355    0
-0.28345    0
-0.28335    0
-0.28325    0
-0.28315    0
-0.28305    0
-0.28295    0
-0.28285    0
-0.28275    0
-0.28265    0
-0.28255    0
-0.28245    0
-0.28235    0
-0.28225    0
-0.28215    0
-0.28205    0
-0.28195    0
-0.28185    0
-0.28175    0
-0.28165    0
-0.28155    0
-0.28145    0
-0.28135    0
-0.28125    0
-0.28115    0
-0.28105    0
-0.28095    0
-0.28085    0
-0.28075    0
-0.28065    0
-0.28055    0
-0.28045    0
-0.28035    0
-0.28025    0
-0.28015    0
-0.28005    0
-0.27995    0
-0.27985    0
-0.27975    0
-0.27965    0
-0.27955    0
-0.27945    0
-0.27935    0
-0.27925    0
-0.27915    0
-0.27905    0
-0.27895    0
-0.27885    0
-0.27875    0
-0.27865    0
-0.27855    0
-0.27845    0
-0.27835    0
-0.27825    0
-0.27815    0
-0.27805    0
-0.27795    0
-0.27785    0
-0.27775    0
-0.27765    0
-0.27755    0
-0.27745    0
-0.27735    0
-0.27725    0
-0.27715    0
-0.27705    0
-0.27695    0
-0.27685    0
-0.27675    0
-0.27665    0
-0.27655    0
-0.27645    0
-0.27635    0
-0.27625    0
-0.27615    0
-0.27605    0
-0.27595    0
-0.27585    0
-0.27575    0
-0.27565    0
-0.27555    0
-0.27545    0
-0.27535    0
-0.27525    0
-0.27515    0
-0.27505    0
-0.27495    0
-0.27485    0
-0.27475    0
-0.27465    0
-0.27455    0
-0.27445    0
-0.27435    0
-0.27425    0
-0.27415    0
-0.27405    0
-0.27395    0
-0.27385    0
-0.27375    0
-0.27365    0
-0.27355    0
-0.27345    0
-0.27335    0
-0.27325    0
-0.27315    0
-0.27305    0
-0.27295    0
-0.27285    0
-0.27275    0
-0.27265    0
-0.27255    0
-0.27245    0
-0.27235    0
-0.27225    0
-0.27215    0
-0.27205    0
-0.27195    0
-0.27185    0
-0.27175    0
-0.27165    0
-0.27155    0
-0.27145    0
-0.27135    0
-0.27125    0
-0.27115    0
-0.27105    0
-0.27095    0
-0.27085    0
-0.27075    0
-0.27065    0
-0.27055    0
-0.27045    0
-0.27035    0
-0.27025    0
-0.27015    0
-0.27005    0
-0.26995    0
-0.26985    0
-0.26975    0
-0.26965    0
-0.26955    0
-0.26945    0
-0.26935    0
-0.26925    0
-0.26915    0
-0.26905    0
-0.26895    0
-0.26885    0
-0.26875    0
-0.26865    0
-0.26855    0
-0.26845    0
-0.26835    0
-0.26825    0
-0.26815    0
-0.26805    0
-0.26795    0
-0.26785    0
-0.26775    0
-0.26765    0
-0.26755    0
-0.26745    0
-0.26735    0
-0.26725    0
-0.26715    0
-0.26705    0
-0.26695    0
-0.26685    0
-0.26675    0
-0.26665    0
-0.26655    0
-0.26645    0
-0.26635    0
-0.26625    0
-0.26615    0
-0.26605    0
-0.26595    0
-0.26585    0
-0.26575    0
-0.26565    0
-0.26555    0
-0.26545    0
-0.26535    0
-0.26525    0
-0.26515    0
-0.26505    0
-0.26495    0
-0.26485    0
-0.26475    0
-0.26465    0
-0.26455    0
-0.26445    0
-0.26435    0
-0.26425    0
-0.26415    0
-0.26405    0
-0.26395    0
-0.26385    0
-0.26375    0
-0.26365    0
-0.26355    0
-0.26345    0
-0.26335    0
-0.26325    0
-0.26315    0
-0.26305    0
-0.26295    0
-0.26285    0
-0.26275    0
-0.26265    0
-0.26255    0
-0.26245    0
-0.26235    0
-0.26225    0
-0.26215    0
-0.26205    0
-0.26195    0
-0.26185    0
-0.26175    0
-0.26165    0
-0.26155    0
-0.26145    0
-0.26135    0
-0.26125    0
-0.26115    0
-0.26105    0
-0.26095    0
-0.26085    0
-0.26075    0
-0.26065    0
-0.26055    0
-0.26045    0
-0.26035    0
-0.26025    0
-0.26015    0
-0.26005    0
-0.25995    0
-0.25985    0
-0.25975    0
-0.25965    0
-0.25955    0
-0.25945    0
-0.25935    0
-0.25925    0
-0.25915    0
-0.25905    0
-0.25895    0
-0.25885    0
-0.25875    0
-0.25865    0
-0.25855    0
-0.25845    0
-0.25835    0
-0.25825    0
-0.25815    0
-0.25805    0
-0.25795    0
-0.25785    0
-0.25775    0
-0.25765    0
-0.25755    0
-0.25745    0
-0.25735    0
-0.25725    0
-0.25715    0
-0.25705    0
-0.25695    0
-0.25685    0
-0.25675    0
-0.25665    0
-0.25655    0
-0.25645    0
-0.25635    0
-0.25625    0
-0.25615    0
-0.25605    0
-0.25595    0
-0.25585    0
-0.25575    0
-0.25565    0
-0.25555    0
-0.25545    0
-0.25535    0
-0.25525    0
-0.25515    0
-0.25505    0
-0.25495    0
-0.25485    0
-0.25475    0
-0.25465    0
-0.25455    0
-0.25445    0
-0.25435    0
-0.25425    0
-0.25415    0
-0.25405    0
-0.25395    0
-0.25385    0
-0.25375    0
-0.25365    0
-0.25355    0
-0.25345    0
-0.25335    0
-0.25325    0
-0.25315    0
-0.25305    0
-0.25295    0
-0.25285    0
-0.25275    0
-0.25265    0
-0.25255    0
-0.25245    0
-0.25235    0
-0.25225    0
-0.25215    0
-0.25205    0
-0.25195    0
-0.25185    0
-0.25175    0
-0.25165    0
-0.25155    0
-0.25145    0
-0.25135    0
-0.25125    0
-0.25115    0
-0.25105    0
-0.25095    0
-0.25085    0
-0.25075    0
-0.25065    0
-0.25055    0
-0.25045    0
-0.25035    0
-0.25025    0
-0.25015    0
-0.25005    0
