-0.321002    -0.119944
-0.352334    -0.0931191
-0.298389    -0.0742682
-0.299557    -0.088337
-0.348481    -0.0684019
-0.284028    -0.140794
-0.350971    -0.119983
-0.29101    -0.150163
-0.347942    -0.0657699
-0.324643    -0.056044
-0.285065    -0.146479
-0.364655    -0.143402
-0.348317    -0.123427
-0.308211    -0.0739772
-0.309858    -0.148621
-0.342055    -0.0943713
-0.311842    -0.121742
-0.254382    -0.107949
-0.271171    -0.00469771
-0.366211    -0.201577
-0.336528    -0.132184
-0.307311    -0.109558
-0.302785    -0.0903554
-0.330543    -0.129544
-0.47803    -0.167847
-0.30451    -0.081096
-0.322616    -0.0640168
-0.350189    -0.0634766
-0.311436    -0.154437
-0.357884    -0.133228
-0.255926    -0.103161
-0.267123    -0.00337289
-0.468069    -0.136399
-0.472263    -0.175116
-0.291802    -0.148637
-0.326389    -0.121334
-0.402702    -0.212849
-0.343113    -0.0705933
-0.416964    -0.21366
-0.278386    0.0144385
-0.354528    -0.0995807
-0.346628    -0.0537956
-0.37493    -0.201669
-0.32711    -0.0876209
-0.333794    -0.0976277
-0.344143    -0.141547
-0.314693    -0.155153
-0.333629    -0.128027
-0.384357    -0.212076
-0.311494    -0.126649
-0.315462    -0.0842093
-0.354244    -0.123091
-0.276515    -0.134697
-0.356589    -0.137064
-0.313599    -0.112965
-0.452407    -0.197627
-0.34696    -0.111186
-0.262168    -0.13684
-0.31743    -0.118266
-0.348923    -0.134269
-0.376538    -0.157496
-0.250109    -0.0704249
-0.352744    -0.0577939
-0.332131    -0.0817424
-0.345516    -0.120693
-0.342279    -0.10019
-0.325618    -0.0494912
-0.324965    -0.114469
-0.358327    -0.0581339
-0.34829    -0.1007
-0.305199    -0.0768703
-0.310129    -0.0633097
-0.341721    -0.0974712
-0.341505    -0.0594828
-0.328523    -0.0567484
-0.471982    -0.149468
-0.340705    -0.131
-0.245913    -0.0935189
-0.362945    -0.17519
-0.371669    -0.120156
-0.330447    -0.0966611
-0.358819    -0.139499
-0.38208    -0.167025
-0.36047    -0.0647862
-0.321079    -0.0866992
-0.319734    -0.062983
-0.304483    -0.0887188
-0.32519    -0.0759953
-0.33268    -0.090457
-0.357501    -0.105098
-0.346704    -0.0937754
-0.34668    -0.117602
-0.27753    -0.145527
-0.302287    -0.150862
-0.32739    -0.153697
-0.300236    -0.153161
-0.270804    -0.135112
-0.337156    -0.0959722
-0.339293    -0.147473
-0.346671    -0.143032
-0.332349    -0.104005
-0.357446    -0.149253
-0.3346    -0.0859159
-0.282196    -0.143752
-0.31281    -0.0783782
-0.347294    -0.106284
-0.340537    -0.0842552
-0.322642    -0.0831331
-0.289181    -0.0949965
-0.332363    -0.149583
-0.323551    -0.154655
-0.404998    -0.199259
-0.346416    -0.0868486
-0.360948    -0.12065
-0.316988    -0.152591
-0.348195    -0.0920042
-0.3224    -0.14948
-0.324312    -0.0970161
-0.355257    -0.124599
-0.32204    -0.124724
-0.330243    -0.148567
-0.3098    -0.159402
-0.33643    -0.148083
-0.44843    -0.204428
-0.307875    -0.136069
-0.31929    -0.0908894
-0.32161    -0.152991
-0.310158    -0.0581431
-0.339295    -0.0902264
-0.451679    -0.125267
-0.397558    -0.202535
-0.268595    -0.137283
-0.439463    -0.209013
-0.337969    -0.123612
-0.312725    -0.110382
-0.32008    -0.114968
-0.32655    -0.110835
-0.320326    -0.103625
-0.263821    -0.0964571
-0.317003    -0.146527
-0.294791    -0.116554
-0.334539    -0.122799
-0.264677    -0.0388982
-0.339871    -0.1384
-0.268171    -0.133416
-0.292286    -0.0981544
-0.325688    -0.101108
-0.29734    -0.114327
-0.316805    -0.0695783
-0.340696    -0.124254
-0.309736    -0.105149
-0.337923    -0.129388
-0.329524    -0.11465
-0.341948    -0.126858
-0.325693    -0.118144
-0.453591    -0.157803
-0.317405    -0.100932
-0.305414    -0.103268
-0.432272    -0.142041
-0.31544    -0.0977205
-0.306997    -0.138933
-0.313745    -0.109314
-0.331727    -0.0604933
-0.325065    -0.11673
-0.334359    -0.121239
-0.312249    -0.0863973
-0.332231    -0.109269
-0.332942    -0.116541
-0.330112    -0.119282
-0.310487    -0.0928391
-0.291725    -0.0904264
-0.319487    -0.111195
-0.343412    -0.124311
-0.297911    -0.080204
-0.311323    -0.103233
-0.296142    -0.130286
-0.349575    -0.113157
-0.330713    -0.111775
-0.311845    -0.074175
-0.465491    -0.119053
-0.25829    -0.0919387
-0.299399    -0.093602
-0.342985    -0.110485
-0.341353    -0.135
-0.427714    -0.14443
-0.315536    -0.10819
-0.414656    -0.143093
-0.334384    -0.112897
-0.446487    -0.156687
-0.448233    -0.140073
-0.421393    -0.171615
-0.351978    -0.125801
-0.440904    -0.149283
-0.441784    -0.15207
-0.425381    -0.165139
-0.435277    -0.145302
-0.418671    -0.1366
-0.41381    -0.160849
-0.433991    -0.153856
-0.446393    -0.164143
-0.418798    -0.13164
-0.429217    -0.148622
-0.444167    -0.158813
-0.425583    -0.150815
-0.432389    -0.134179
-0.448978    -0.152683
-0.456028    -0.174148
-0.41708    -0.139554
-0.462288    -0.151736
-0.440104    -0.146196
-0.460586    -0.152921
-0.423817    -0.15403
-0.447336    -0.166433
-0.434314    -0.151894
-0.447183    -0.159835
-0.436761    -0.160809
-0.44778    -0.144954
-0.427899    -0.155103
-0.438952    -0.152751
-0.449727    -0.14611
-0.43186    -0.137
-0.429417    -0.157866
-0.443508    -0.168014
-0.44203    -0.132008
-0.43304    -0.163696
-0.41341    -0.165041
-0.437368    -0.145891
-0.444647    -0.173572
-0.404902    -0.123786
-0.450952    -0.149171
-0.439179    -0.170561
-0.416623    -0.163811
-0.435679    -0.159017
-0.427674    -0.141594
-0.426115    -0.157523
-0.421567    -0.156375
-0.460868    -0.143632
-0.455116    -0.151551
-0.421516    -0.136649
-0.443471    -0.141382
-0.438146    -0.154533
-0.438577    -0.166526
-0.453064    -0.15959
-0.408346    -0.151015
-0.422872    -0.161189
-0.412598    -0.156416
-0.432257    -0.148806
-0.417308    -0.149314
-0.299785    -0.118004
-0.444634    -0.14427
-0.429685    -0.168374
-0.441421    -0.162134
-0.46221    -0.16783
-0.316354    -0.138385
-0.228737    -0.291457
-0.226902    -0.296545
-0.222395    -0.286413
-0.242188    -0.308203
-0.2287    -0.28915
-0.229681    -0.295628
-0.226158    -0.288634
-0.232631    -0.301541
-0.23178    -0.294862
-0.235933    -0.298783
-0.220317    -0.28001
-0.268351    -0.305346
-0.254118    -0.325086
-0.225087    -0.290706
-0.221914    -0.288735
-0.22999    -0.293214
-0.2478    -0.299074
-0.234425    -0.291706
-0.267601    -0.323652
-0.221074    -0.274625
-0.224052    -0.293656
-0.234485    -0.307032
-0.225877    -0.286514
-0.238655    -0.304994
-0.238015    -0.30182
-0.245431    -0.313939
-0.223778    -0.296402
-0.23155    -0.292472
-0.226313    -0.30266
-0.230641    -0.288507
-0.229075    -0.28631
-0.227954    -0.268391
-0.219153    -0.276107
-0.236515    -0.302425
-0.223591    -0.28205
-0.262369    -0.316137
-0.232356    -0.298503
-0.242122    -0.305327
-0.231062    -0.301833
-0.27322    -0.309913
-0.236753    -0.304716
-0.271188    -0.316231
-0.234322    -0.29984
-0.235286    -0.340259
-0.312443    -0.249546
-0.250802    -0.30851
-0.260011    -0.298592
-0.238763    -0.347585
-0.261453    -0.318351
-0.250135    -0.349845
-0.227631    -0.286
-0.239313    -0.344997
-0.26631    -0.325018
-0.272857    -0.339253
-0.265305    -0.317369
-0.278221    -0.315899
-0.254081    -0.308043
-0.265315    -0.327072
-0.265392    -0.321531
-0.256253    -0.306428
-0.27157    -0.340124
-0.258877    -0.321481
-0.269426    -0.308085
-0.268548    -0.326053
-0.271687    -0.299716
-0.273461    -0.336072
-0.26781    -0.315533
-0.274921    -0.315621
-0.274061    -0.353621
-0.261608    -0.304968
-0.275948    -0.310298
-0.258605    -0.317048
-0.290559    -0.312375
-0.24118    -0.302348
-0.27288    -0.325753
-0.288006    -0.312584
-0.276022    -0.320953
-0.258848    -0.319291
-0.245017    -0.306904
-0.256879    -0.318167
-0.268678    -0.321655
-0.260874    -0.315017
-0.258613    -0.314842
-0.26779    -0.29909
-0.254697    -0.347856
-0.256048    -0.316452
-0.255781    -0.302526
-0.251423    -0.307493
-0.262798    -0.308197
-0.247231    -0.284553
-0.259741    -0.30805
-0.260384    -0.309587
-0.27463    -0.317935
-0.280843    -0.312123
-0.265318    -0.323806
-0.263921    -0.312053
-0.261658    -0.311523
-0.255328    -0.320417
-0.252597    -0.314842
-0.254081    -0.322283
-0.263842    -0.306328
-0.257699    -0.345363
-0.272731    -0.318314
-0.278285    -0.312767
-0.270388    -0.3177
-0.263657    -0.309702
-0.25351    -0.303751
-0.270031    -0.328182
-0.260786    -0.312972
-0.260269    -0.302405
-0.258212    -0.311213
-0.274391    -0.311673
-0.280176    -0.314312
-0.25458    -0.313969
-0.265644    -0.306745
-0.27383    -0.342083
-0.279658    -0.32312
-0.27034    -0.315019
-0.268664    -0.316761
-0.263822    -0.313812
-0.252258    -0.305925
-0.252605    -0.318376
-0.269772    -0.311434
-0.282979    -0.318433
-0.245885    -0.289277
-0.117921    -0.35474
-0.119223    -0.353973
-0.131468    -0.340405
-0.119726    -0.351527
-0.132145    -0.343825
-0.12186    -0.349242
-0.115734    -0.354112
-0.132738    -0.335901
-0.128803    -0.342127
-0.116192    -0.352429
-0.119411    -0.349334
-0.124274    -0.347193
-0.133368    -0.337221
-0.121844    -0.351115
-0.117282    -0.358482
-0.127846    -0.33919
-0.134859    -0.341711
-0.123256    -0.348669
-0.120885    -0.353613
-0.129927    -0.341699
-0.129107    -0.339416
-0.109063    -0.361976
-0.13062    -0.343588
-0.104157    -0.355064
-0.120578    -0.351461
-0.134954    -0.335127
-0.126616    -0.345616
-0.129862    -0.344568
-0.126736    -0.342818
-0.131843    -0.345527
-0.117105    -0.352417
-0.134111    -0.344865
-0.119915    -0.366657
-0.117277    -0.356699
-0.1169    -0.371288
-0.115218    -0.359689
-0.118346    -0.368523
-0.117713    -0.36583
-0.120007    -0.36592
-0.120464    -0.358263
-0.117496    -0.362217
-0.115476    -0.364918
-0.115795    -0.367918
-0.115896    -0.364087
-0.116388    -0.366887
-0.122952    -0.355151
-0.119617    -0.364564
-0.114012    -0.365094
-0.079497    -0.371415
-0.117255    -0.365033
-0.0877153    -0.369167
-0.114239    -0.372557
-0.086856    -0.369927
-0.121489    -0.364453
-0.0843532    -0.372542
-0.0877611    -0.372443
-0.0854064    -0.371804
-0.0882985    -0.371527
-0.0898654    -0.36915
-0.084702    -0.370572
-0.086003    -0.370337
-0.068091    -0.37254
-0.0836024    -0.372482
-0.0818422    -0.370792
-0.0834228    -0.370304
-0.0801285    -0.370463
-0.0652089    -0.375531
-0.0882214    -0.376372
-0.0668326    -0.376289
-0.0659327    -0.376229
-0.0670259    -0.374862
-0.0628144    -0.37846
-0.0690008    -0.373771
-0.0602405    -0.379008
-0.0702261    -0.372461
-0.0641023    -0.378526
-0.0678299    -0.377381
-0.0558396    -0.377695
-0.0677631    -0.375741
-0.0511516    -0.379582
-0.0596788    -0.378516
-0.0528454    -0.378976
-0.0541482    -0.378356
-0.0534459    -0.380168
-0.048458    -0.380578
-0.0518464    -0.379315
-0.0457204    -0.380588
-0.0497185    -0.380719
-0.0441455    -0.38107
-0.0467382    -0.381133
-0.0421491    -0.381546
-0.0432793    -0.381915
-0.0405088    -0.381833
-0.0399936    -0.382625
-0.0385692    -0.38253
-0.0375507    -0.382891
-0.036401    -0.383082
-0.035298    -0.383325
-0.0341714    -0.383535
-0.0330484    -0.383747
-0.0319189    -0.383948
-0.0307869    -0.384144
-0.0296515    -0.384333
-0.0285131    -0.384516
-0.0273716    -0.384693
-0.0262272    -0.384864
-0.0250799    -0.385029
-0.0239294    -0.385188
-0.0227757    -0.385341
-0.0216185    -0.385486
-0.020457    -0.385624
-0.0192902    -0.385753
-0.0181152    -0.385872
-0.0169242    -0.385975
-0.0156795    -0.386045
-0.0140358    -0.386079
-0.0126701    -0.386427
-0.0113682    -0.386613
-0.00961688    -0.386956
-0.00942058    -0.388189
-0.0107107    -0.38765
-0.0144516    -0.386683
-0.0100483    -0.387574
-0.00686989    -0.387511
-0.00518057    -0.38737
-0.00377884    -0.38743
-0.00246073    -0.387508
-0.0011778    -0.387586
8.72818e-05    -0.38766
0.0013424    -0.38773
0.00259175    -0.387795
0.00383786    -0.387855
0.00508233    -0.387911
0.00632627    -0.387961
0.00757052    -0.388006
0.00881566    -0.388046
0.0100622    -0.38808
0.0113105    -0.388109
0.012561    -0.388133
0.0138139    -0.388152
0.0150696    -0.388165
0.0163282    -0.388172
0.01759    -0.388174
0.0188553    -0.38817
0.0201243    -0.388159
0.0213972    -0.388143
0.0226745    -0.38812
0.0239567    -0.38809
0.0252416    -0.388051
0.0265435    -0.388014
0.0278079    -0.387935
0.0292341    -0.387953
0.0302779    -0.387695
0.0323985    -0.388036
0.0326703    -0.387472
0.0346725    -0.387579
0.0370958    -0.387115
0.0359276    -0.387198
0.0407943    -0.387186
0.0385785    -0.387076
0.0442858    -0.38644
0.0407464    -0.38663
0.0469528    -0.385933
0.0430116    -0.386753
0.0509198    -0.385961
0.0455731    -0.386412
0.0509795    -0.384661
0.048744    -0.386173
0.0520064    -0.385089
0.0529082    -0.384415
0.0588377    -0.384828
0.0607017    -0.384596
0.0570625    -0.385363
0.0646113    -0.382703
0.0576155    -0.384768
0.065262    -0.382443
0.064925    -0.384758
0.0732287    -0.381106
0.0634822    -0.384592
0.0765835    -0.381254
0.0660396    -0.383285
0.0746817    -0.380172
0.0741215    -0.381927
0.0721374    -0.383999
0.0732283    -0.383092
0.084865    -0.379605
0.0819921    -0.381598
0.0720862    -0.380599
0.0840897    -0.379305
0.0830678    -0.38105
0.0968235    -0.378388
0.0832383    -0.379792
0.0976181    -0.378682
0.0960165    -0.379421
0.097136    -0.376922
0.0965767    -0.381136
0.0926571    -0.379362
0.105822    -0.376957
0.0941547    -0.380307
0.117951    -0.375445
0.104379    -0.377297
0.119452    -0.37526
0.119608    -0.372392
0.120944    -0.376829
0.135087    -0.361164
0.120159    -0.37428
0.134715    -0.362457
0.118507    -0.373075
0.1211    -0.353472
0.119595    -0.37672
0.123105    -0.35392
0.133678    -0.361454
0.123541    -0.359251
0.140018    -0.348021
0.113679    -0.358216
0.123372    -0.351599
0.113321    -0.368328
0.123681    -0.357949
0.115618    -0.362934
0.11236    -0.357721
0.130538    -0.353028
0.130157    -0.35679
0.125932    -0.365431
0.124648    -0.363313
0.122199    -0.361778
0.127929    -0.352876
0.129045    -0.349648
0.129797    -0.347745
0.122859    -0.350214
0.116221    -0.361609
0.118665    -0.36628
0.123097    -0.365219
0.129242    -0.355422
0.127426    -0.355079
0.124458    -0.355266
0.121946    -0.355045
0.121833    -0.363998
0.125137    -0.353922
0.128844    -0.359271
0.120875    -0.363913
0.124987    -0.361003
0.123081    -0.348581
0.126256    -0.356039
0.112558    -0.35425
0.126385    -0.359011
0.120156    -0.367464
0.259027    -0.344496
0.244429    -0.355864
0.260552    -0.343167
0.253373    -0.345871
0.246494    -0.348155
0.259118    -0.339138
0.257699    -0.34198
0.249386    -0.351644
0.251353    -0.349699
0.262862    -0.345931
0.253579    -0.34201
0.262326    -0.34041
0.263817    -0.335886
0.260138    -0.341483
0.261182    -0.337163
0.25363    -0.33091
0.252132    -0.353161
0.245972    -0.347052
0.257286    -0.346099
0.249932    -0.346355
0.257926    -0.330797
0.261492    -0.348226
0.249238    -0.34451
0.267633    -0.32606
0.255107    -0.335417
0.256142    -0.342391
0.254371    -0.351635
0.253249    -0.340679
0.258113    -0.34932
0.267507    -0.329378
0.256795    -0.348479
0.253047    -0.335397
0.259398    -0.337891
0.255405    -0.337937
0.25491    -0.341286
0.244771    -0.32651
0.245248    -0.324955
0.270336    -0.351494
0.254428    -0.334195
0.260518    -0.347236
0.264715    -0.337208
0.260869    -0.33863
0.264259    -0.341025
0.247    -0.329271
0.266791    -0.33802
0.250528    -0.343275
0.273348    -0.342395
0.268261    -0.355425
0.23121    -0.374862
0.268702    -0.342959
0.270428    -0.338338
0.249351    -0.354473
0.258077    -0.344246
0.26129    -0.351186
0.282642    -0.275319
0.260943    -0.325739
0.249751    -0.335711
0.271567    -0.340549
0.23292    -0.348506
0.263477    -0.333312
0.258041    -0.304936
0.264414    -0.344263
0.235259    -0.349465
0.238986    -0.352711
0.280158    -0.291778
0.255494    -0.282631
0.268884    -0.287209
0.27472    -0.27329
0.279798    -0.294984
0.270529    -0.276443
0.261134    -0.287464
0.274212    -0.279695
0.279348    -0.286865
0.27029    -0.290965
0.269322    -0.283746
0.250545    -0.29073
0.269715    -0.293733
0.242333    -0.329405
0.263873    -0.281931
0.258016    -0.281639
0.238388    -0.324913
0.273043    -0.29577
0.259113    -0.29461
0.255894    -0.286082
0.267562    -0.292284
0.237501    -0.321566
0.260962    -0.276266
0.247508    -0.355177
0.270103    -0.273353
0.269792    -0.279872
0.259639    -0.284452
0.264115    -0.289722
0.248329    -0.292195
0.264498    -0.278103
0.263893    -0.260825
0.267361    -0.282447
0.2602    -0.291814
0.272917    -0.288329
0.260338    -0.289932
0.230374    -0.342311
0.248489    -0.277831
0.263566    -0.276767
0.245399    -0.357978
0.265241    -0.292879
0.263626    -0.286988
0.270903    -0.286792
0.265328    -0.276579
0.2661    -0.287239
0.263705    -0.295161
0.253652    -0.285755
0.259925    -0.312251
0.259119    -0.298506
0.262594    -0.290691
0.262234    -0.282907
0.265782    -0.272598
0.248851    -0.299335
0.26734    -0.290796
0.271089    -0.281619
0.2783    -0.252559
0.268649    -0.299212
0.266831    -0.279635
0.281325    -0.287614
0.273197    -0.289897
0.258545    -0.301855
0.268155    -0.277059
0.416233    -0.159651
0.409575    -0.1296
0.429103    -0.1484
0.411663    -0.153151
0.399643    -0.144641
0.393056    -0.133823
0.401977    -0.140492
0.42786    -0.154174
0.395843    -0.144136
0.422404    -0.14142
0.403004    -0.144072
0.425422    -0.144061
0.423438    -0.145836
0.408918    -0.145854
0.41059    -0.132075
0.409005    -0.139026
0.418582    -0.167547
0.429818    -0.141114
0.402191    -0.159651
0.415468    -0.150751
0.422067    -0.152362
0.428404    -0.150457
0.437531    -0.140972
0.424679    -0.147566
0.419301    -0.154105
0.429541    -0.126486
0.431185    -0.15321
0.417066    -0.1414
0.418504    -0.149883
0.436093    -0.188839
0.424721    -0.132168
0.424423    -0.163755
0.416712    -0.136614
0.413925    -0.16461
0.408789    -0.143603
0.413066    -0.140251
0.387532    -0.154452
0.399663    -0.136397
0.43382    -0.152383
0.394362    -0.173787
0.403173    -0.136778
0.418734    -0.14079
0.407856    -0.16094
0.423116    -0.135801
0.411588    -0.151157
0.432584    -0.167421
0.466754    -0.120041
0.394327    -0.140433
0.407069    -0.136265
0.418375    -0.13358
0.402734    -0.165742
0.420132    -0.14592
0.414171    -0.14248
0.335002    -0.0611872
0.436722    -0.155284
0.424343    -0.13989
0.42301    -0.171785
0.432976    -0.141729
0.462927    -0.162201
0.420835    -0.156915
0.411847    -0.135591
0.415517    -0.131344
0.422116    -0.159715
0.318739    -0.0396244
0.403702    -0.148579
0.313514    -0.0522277
0.416352    -0.128598
0.312813    -0.0475585
0.309551    -0.0570536
0.307326    -0.0537365
0.31076    -0.0587492
0.301876    -0.106016
0.309848    -0.0430033
0.305777    -0.104552
0.417832    -0.163605
0.330074    -0.0257481
0.291996    -0.137208
0.308672    -0.156151
0.314788    -0.122357
0.311238    -0.0445368
0.30056    -0.130901
0.303894    -0.132214
0.302438    -0.127631
0.286478    -0.132084
0.297845    -0.132954
0.307021    -0.111916
0.317866    -0.134608
0.296594    -0.135289
0.303064    -0.125098
0.312091    -0.112073
0.300995    -0.110615
0.311413    -0.12584
0.304076    -0.128587
0.29702    -0.143695
0.249346    -0.066922
0.272741    -0.105299
0.276069    -0.125619
0.303943    -0.0565031
0.305917    -0.13508
0.292989    -0.140777
0.311269    -0.0548373
0.316936    -0.126714
0.293592    -0.133403
0.307068    -0.122577
0.297474    -0.114764
0.328782    -0.135312
0.299909    -0.124248
0.304792    -0.14262
0.302285    -0.167208
0.31078    -0.134458
0.307947    -0.116945
0.388909    -0.147245
0.297313    -0.12712
0.296181    -0.123672
0.318273    -0.0998268
0.30659    -0.140523
0.296514    -0.122188
0.301102    -0.141131
0.309536    -0.136522
0.306588    -0.132671
0.299154    -0.127547
0.291478    -0.133488
0.304911    -0.109543
0.341055    -0.103109
0.253599    -0.127868
0.3117    -0.1713
0.310056    -0.163353
0.319004    -0.07564
0.356215    -0.122717
0.315739    -0.093521
0.28302    -0.110536
0.343493    -0.146656
0.292674    -0.124356
0.321249    -0.162925
0.335209    -0.137172
0.284912    -0.117256
0.315447    -0.171957
0.334693    -0.149643
0.31156    -0.0777439
0.330321    -0.118699
0.325129    -0.126507
0.336876    -0.126884
0.316784    -0.160531
0.297668    -0.173509
0.342538    -0.13348
0.328453    -0.122402
0.326203    -0.102518
0.451572    -0.14043
0.335772    -0.131209
0.32625    -0.108772
0.289764    -0.172884
0.30088    -0.113298
0.341908    -0.111467
0.29276    -0.113593
0.314038    -0.156935
0.242104    -0.105428
0.236607    -0.0899788
0.302662    -0.0894775
0.339229    -0.143365
0.304503    -0.0995768
0.33773    -0.135318
0.314187    -0.16353
0.297452    -0.138111
0.304535    -0.0843975
0.337658    -0.151129
0.318502    -0.162937
0.326329    -0.11865
0.317366    -0.155258
0.313428    -0.0894258
0.329757    -0.127398
0.325176    -0.152951
0.334965    -0.146472
0.350585    -0.206867
0.450753    -0.133202
0.314611    -0.0830252
0.354109    -0.183082
0.372517    -0.160269
0.412089    -0.117847
0.427068    -0.117683
0.269879    -0.151047
0.282598    -0.126101
0.416469    -0.198632
0.326956    -0.0990605
0.418971    -0.194827
0.293228    -0.118612
0.345242    -0.0201191
0.401175    -0.184463
0.328076    -0.0311122
0.469207    -0.147825
0.314119    -0.161818
0.338128    -0.147831
0.341107    -0.0292035
0.336413    -0.121114
0.434863    -0.183287
0.332937    -0.131449
0.344524    -0.14865
0.320069    -0.111065
0.311708    -0.155796
0.459772    -0.152665
0.347251    -0.138784
0.389994    -0.218955
0.297843    -0.0997705
0.333411    -0.107355
0.316468    -0.167437
0.375356    -0.161624
0.293092    -0.104017
0.331933    -0.14698
0.343903    -0.122111
0.435149    -0.178114
0.456196    -0.149767
0.309346    -0.0868515
0.313741    -0.0952949
0.28387    -0.121377
0.328532    -0.0845937
0.333412    -0.139582
0.43458    -0.123816
0.384041    -0.167805
0.262873    -0.141086
0.314136    -0.168701
0.338815    -0.139093
0.421313    -0.191801
0.3029    -0.0956258
0.463081    -0.151541
0.321581    -0.0972108
0.320822    -0.116773
0.3353    -0.0967609
0.407904    -0.155108
0.469586    -0.163774
0.288393    -0.102422
0.300798    -0.0942809
0.309255    -0.0823552
0.441259    -0.175278
0.438009    -0.183404
0.29894    -0.0778451
0.457698    -0.155085
0.256571    -0.133327
0.325487    -0.11272
0.44251    -0.172186
0.400561    -0.213134
0.440561    -0.181871
0.451123    -0.149542
0.366871    -0.219615
0.319399    -0.166698
0.438531    -0.173953
0.441147    -0.164993
0.347182    -0.205285
0.447857    -0.159916
0.264214    -0.0119225
0.445295    -0.129995
0.32325    -0.0308173
