-0.387465    -0.063924
-0.339369    -0.0882342
-0.40281    -0.0673491
-0.398588    -0.0610652
-0.387827    -0.093948
-0.306759    -0.0434207
-0.323023    -0.0682605
-0.29674    -0.0395524
-0.392542    -0.0962731
-0.408417    -0.0849224
-0.301965    -0.0407214
-0.314405    -0.0894876
-0.333542    -0.0768033
-0.394382    -0.0805378
-0.333209    -0.0526102
-0.349883    -0.0788994
-0.389857    -0.0573562
-0.294372    -0.0165543
-0.324298    0.0379161
-0.322751    -0.144116
-0.380062    -0.0556686
-0.399265    -0.0564677
-0.403528    -0.0598657
-0.384705    -0.0556657
-0.38251    -0.183729
-0.396577    -0.0669683
-0.39161    -0.0791017
-0.390225    -0.0967803
-0.31521    -0.0572567
-0.308285    -0.0714466
-0.303245    -0.0179608
-0.327518    0.0392919
-0.393618    -0.191869
-0.383353    -0.166451
-0.300287    -0.0392961
-0.384042    -0.0584496
-0.341987    -0.169467
-0.389453    -0.0919891
-0.348856    -0.177326
-0.336595    0.0475766
-0.335803    -0.0838092
-0.411798    -0.102296
-0.328368    -0.151438
-0.354525    -0.0892581
-0.351363    -0.0849623
-0.316123    -0.0626554
-0.312793    -0.0510199
-0.369326    -0.060919
-0.330265    -0.16355
-0.37084    -0.0392647
-0.370464    -0.0819255
-0.333932    -0.0731647
-0.315381    -0.044231
-0.326367    -0.0692504
-0.386206    -0.067733
-0.364976    -0.182575
-0.330838    -0.0786994
-0.291752    -0.0298682
-0.383063    -0.0622597
-0.336402    -0.0603034
-0.339747    -0.117752
-0.306121    0.000962721
-0.403998    -0.104426
-0.356547    -0.0985534
-0.32436    -0.0725612
-0.355003    -0.0805069
-0.41079    -0.0879535
-0.347271    -0.0578395
-0.393504    -0.102665
-0.342422    -0.0806935
-0.400344    -0.0733089
-0.410872    -0.0743026
-0.353203    -0.0842933
-0.409677    -0.0971359
-0.395934    -0.088823
-0.386652    -0.184922
-0.372293    -0.0596861
-0.293234    -0.00909511
-0.316267    -0.115305
-0.352225    -0.112902
-0.350831    -0.081692
-0.331289    -0.0696298
-0.336788    -0.121217
-0.381421    -0.0961189
-0.366002    -0.0865123
-0.398503    -0.0852278
-0.394335    -0.0605266
-0.369097    -0.090345
-0.351013    -0.0952245
-0.327168    -0.0795468
-0.337024    -0.0877348
-0.331661    -0.0736824
-0.298444    -0.0349478
-0.318067    -0.0564804
-0.296974    -0.0502262
-0.316493    -0.0527096
-0.305557    -0.0335607
-0.346895    -0.0893955
-0.301593    -0.054383
-0.31415    -0.0632449
-0.349216    -0.0688054
-0.310364    -0.0687742
-0.347313    -0.0946791
-0.310785    -0.0443661
-0.393822    -0.0748437
-0.328205    -0.0747359
-0.345056    -0.0981503
-0.359858    -0.0901111
-0.383242    -0.0339176
-0.312077    -0.0569421
-0.307258    -0.0529737
-0.352329    -0.158266
-0.337663    -0.0942523
-0.321533    -0.0870897
-0.309712    -0.0583481
-0.333167    -0.0837925
-0.307025    -0.0580555
-0.359776    -0.0835263
-0.320425    -0.0714735
-0.387859    -0.0512247
-0.317669    -0.0653832
-0.297605    -0.0471559
-0.303479    -0.0569552
-0.366447    -0.177374
-0.355586    -0.0440628
-0.365655    -0.079192
-0.304204    -0.051169
-0.404952    -0.0757235
-0.343624    -0.0887658
-0.399199    -0.196306
-0.350755    -0.153041
-0.305355    -0.036423
-0.369009    -0.17214
-0.360519    -0.0537801
-0.368845    -0.0700108
-0.372392    -0.066729
-0.347849    -0.0559171
-0.356883    -0.0612373
-0.317058    -0.0178357
-0.328067    -0.0564195
-0.375487    -0.0355044
-0.363124    -0.0634645
-0.326733    0.0148218
-0.367285    -0.0620396
-0.315042    -0.0395044
-0.379476    -0.0282027
-0.353951    -0.0684537
-0.375918    -0.0416206
-0.37947    -0.0731757
-0.360791    -0.0584547
-0.363214    -0.0672458
-0.363628    -0.0614193
-0.345301    -0.0607046
-0.354563    -0.0499319
-0.37721    -0.0643144
-0.440818    -0.186291
-0.357627    -0.0670521
-0.383669    -0.0652617
-0.423814    -0.174386
-0.358694    -0.0731758
-0.353675    -0.0426531
-0.363861    -0.0699281
-0.388113    -0.0797225
-0.353943    -0.0577023
-0.356304    -0.0568307
-0.376855    -0.0700897
-0.356898    -0.0540087
-0.351499    -0.0563538
-0.37142    -0.0682235
-0.381829    -0.0716134
-0.392835    -0.0392599
-0.360522    -0.0622411
-0.36289    -0.056497
-0.406138    -0.0625118
-0.367232    -0.0669175
-0.354613    -0.0366122
-0.316365    -0.0706339
-0.351908    -0.0531653
-0.387523    -0.0739357
-0.447159    -0.21183
-0.318953    -0.014695
-0.400027    -0.0485244
-0.34376    -0.0764714
-0.365068    -0.0566372
-0.407422    -0.145954
-0.373984    -0.0639773
-0.400635    -0.184431
-0.357778    -0.0581474
-0.425288    -0.169845
-0.424386    -0.181457
-0.45118    -0.174962
-0.337882    -0.0646589
-0.417785    -0.149207
-0.422528    -0.156252
-0.416324    -0.159688
-0.422621    -0.179434
-0.426666    -0.158046
-0.423317    -0.162994
-0.419792    -0.171205
-0.424906    -0.18623
-0.431716    -0.165595
-0.432166    -0.182215
-0.41496    -0.162411
-0.431725    -0.167526
-0.422724    -0.171049
-0.41071    -0.169864
-0.439191    -0.178617
-0.399671    -0.168016
-0.440649    -0.161674
-0.410426    -0.168012
-0.420208    -0.175919
-0.435221    -0.161958
-0.407796    -0.182689
-0.417653    -0.17005
-0.427809    -0.1764
-0.419248    -0.155478
-0.4265    -0.189117
-0.424498    -0.159275
-0.419118    -0.168031
-0.41718    -0.165012
-0.437267    -0.151902
-0.433999    -0.163749
-0.427095    -0.165855
-0.420427    -0.147433
-0.404863    -0.15724
-0.408747    -0.165769
-0.413334    -0.167124
-0.411805    -0.178019
-0.434224    -0.195653
-0.414931    -0.175865
-0.407547    -0.176974
-0.419485    -0.182334
-0.432663    -0.174436
-0.42986    -0.182914
-0.427844    -0.180742
-0.426994    -0.177584
-0.421409    -0.15059
-0.425049    -0.16478
-0.435369    -0.175749
-0.439586    -0.167421
-0.423124    -0.168384
-0.414972    -0.154365
-0.423363    -0.18636
-0.408208    -0.162456
-0.417649    -0.151761
-0.403993    -0.177958
-0.430748    -0.162681
-0.428366    -0.170478
-0.368721    -0.0299392
-0.437702    -0.15667
-0.420291    -0.164859
-0.411203    -0.152801
-0.44035    -0.172609
-0.350334    -0.0417121
-0.227589    -0.227593
-0.24158    -0.230266
-0.228993    -0.241467
-0.238562    -0.223398
-0.23108    -0.22594
-0.228842    -0.230347
-0.230492    -0.224207
-0.230963    -0.23153
-0.23514    -0.231804
-0.235995    -0.224756
-0.246814    -0.218789
-0.206213    -0.278272
-0.225414    -0.245166
-0.227795    -0.239944
-0.231868    -0.244181
-0.231539    -0.22816
-0.223112    -0.297116
-0.232471    -0.22345
-0.236217    -0.286959
-0.243883    -0.229954
-0.23166    -0.237416
-0.241245    -0.223037
-0.234211    -0.230372
-0.234291    -0.23463
-0.233093    -0.232267
-0.233746    -0.224031
-0.235699    -0.238095
-0.236236    -0.234856
-0.242945    -0.220703
-0.237246    -0.229916
-0.236848    -0.233347
-0.242643    -0.23682
-0.246379    -0.228969
-0.239564    -0.227732
-0.228251    -0.238099
-0.216496    -0.289676
-0.23243    -0.239239
-0.225629    -0.237732
-0.2278    -0.231976
-0.207731    -0.2782
-0.233255    -0.233972
-0.230699    -0.283396
-0.237466    -0.22004
-0.209093    -0.256668
-0.286419    -0.218059
-0.212971    -0.288411
-0.210605    -0.288926
-0.204579    -0.263051
-0.221541    -0.291257
-0.204751    -0.268419
-0.232913    -0.22908
-0.202801    -0.264012
-0.224212    -0.290556
-0.204178    -0.273184
-0.223977    -0.293492
-0.234967    -0.278959
-0.221088    -0.27923
-0.224245    -0.292491
-0.227102    -0.288587
-0.223405    -0.276144
-0.20798    -0.274783
-0.232175    -0.287225
-0.232333    -0.275744
-0.222016    -0.282879
-0.215187    -0.278802
-0.206597    -0.274837
-0.233414    -0.28342
-0.237939    -0.279445
-0.205094    -0.313461
-0.228886    -0.267032
-0.221665    -0.270726
-0.21711    -0.28886
-0.221538    -0.309899
-0.234306    -0.28708
-0.24196    -0.267036
-0.220021    -0.309946
-0.225023    -0.283004
-0.218489    -0.283142
-0.244585    -0.278198
-0.220553    -0.277958
-0.236063    -0.280701
-0.237204    -0.273345
-0.236432    -0.27179
-0.212737    -0.287039
-0.204695    -0.272107
-0.216798    -0.285569
-0.229326    -0.272028
-0.214741    -0.281287
-0.23027    -0.278001
-0.245251    -0.283248
-0.227152    -0.282079
-0.230446    -0.276017
-0.225114    -0.281345
-0.23186    -0.268898
-0.223527    -0.286953
-0.223557    -0.280146
-0.233056    -0.272676
-0.217077    -0.284114
-0.219198    -0.280025
-0.222496    -0.28779
-0.228991    -0.280673
-0.204009    -0.27045
-0.22901    -0.284682
-0.214124    -0.273895
-0.231853    -0.284652
-0.228049    -0.277633
-0.224469    -0.274167
-0.241902    -0.277466
-0.231475    -0.274445
-0.226038    -0.271418
-0.234896    -0.272903
-0.236579    -0.275203
-0.235066    -0.27514
-0.228459    -0.274942
-0.226193    -0.279195
-0.216366    -0.272227
-0.240013    -0.271597
-0.227221    -0.285124
-0.243857    -0.276842
-0.226365    -0.277085
-0.221536    -0.27614
-0.218928    -0.285561
-0.239467    -0.278147
-0.232365    -0.278716
-0.248338    -0.281381
-0.112783    -0.289701
-0.111617    -0.286823
-0.108458    -0.293103
-0.111624    -0.285891
-0.110824    -0.291223
-0.109649    -0.285667
-0.117509    -0.290006
-0.122164    -0.292849
-0.126019    -0.288172
-0.108589    -0.286028
-0.113215    -0.292843
-0.114393    -0.291665
-0.11949    -0.291722
-0.114298    -0.287927
-0.104916    -0.286413
-0.125698    -0.292517
-0.107439    -0.292553
-0.114006    -0.286044
-0.113198    -0.287649
-0.111601    -0.293135
-0.126392    -0.289769
-0.103379    -0.285319
-0.123107    -0.290302
-0.104817    -0.281198
-0.111609    -0.288352
-0.121817    -0.289758
-0.124011    -0.289387
-0.125536    -0.290306
-0.130277    -0.288971
-0.12533    -0.287939
-0.109572    -0.288855
-0.107529    -0.289643
-0.0948153    -0.3039
-0.119283    -0.288587
-0.0907736    -0.301262
-0.114842    -0.289646
-0.0941768    -0.302456
-0.10107    -0.297753
-0.0936135    -0.304417
-0.0923812    -0.304051
-0.0968695    -0.300773
-0.0956141    -0.300366
-0.0996932    -0.303723
-0.0956305    -0.304348
-0.0931013    -0.302309
-0.0970781    -0.306706
-0.0887314    -0.307393
-0.0990522    -0.303195
-0.0782274    -0.303261
-0.094981    -0.302417
-0.0727461    -0.305702
-0.0970292    -0.302043
-0.0737986    -0.30515
-0.088438    -0.308881
-0.0719804    -0.307423
-0.0755586    -0.305064
-0.0722046    -0.309556
-0.0762856    -0.305558
-0.0703119    -0.309528
-0.0694002    -0.310567
-0.0744554    -0.305868
-0.0634663    -0.309491
-0.076181    -0.306814
-0.074304    -0.309059
-0.0696552    -0.311678
-0.0733869    -0.308877
-0.0594484    -0.30937
-0.0667832    -0.311128
-0.0609853    -0.310655
-0.0601777    -0.310861
-0.0586775    -0.310659
-0.0547452    -0.311491
-0.0589943    -0.310049
-0.0526467    -0.311781
-0.0578541    -0.312113
-0.0512242    -0.312382
-0.0557362    -0.312105
-0.049313    -0.312598
-0.0533177    -0.312765
-0.0476663    -0.312901
-0.0501541    -0.313359
-0.0456847    -0.31317
-0.046673    -0.31365
-0.0446414    -0.313769
-0.0434262    -0.3139
-0.0426829    -0.314384
-0.0415349    -0.314415
-0.0406083    -0.314717
-0.0395786    -0.314881
-0.0385848    -0.315094
-0.0375746    -0.315281
-0.0365664    -0.315471
-0.0355541    -0.315653
-0.0345405    -0.315832
-0.0335244    -0.316007
-0.0325068    -0.316178
-0.0314872    -0.316345
-0.0304661    -0.316509
-0.0294433    -0.31667
-0.0284189    -0.316827
-0.0273931    -0.31698
-0.0263657    -0.317131
-0.0253368    -0.317278
-0.0243065    -0.317422
-0.0232747    -0.317562
-0.0222414    -0.317699
-0.0212066    -0.317833
-0.0201702    -0.317963
-0.0191323    -0.31809
-0.0180927    -0.318213
-0.0170513    -0.318332
-0.0160078    -0.318447
-0.0149619    -0.318556
-0.0139126    -0.31866
-0.0128578    -0.318755
-0.0117912    -0.318838
-0.0106788    -0.318893
-0.00925393    -0.318942
-0.00807353    -0.319258
-0.0068184    -0.319443
-0.00630404    -0.320303
-0.0096499    -0.319485
-0.00685723    -0.320048
-0.00446228    -0.31983
-0.0031444    -0.319825
-0.00195442    -0.319892
-0.000809535    -0.31997
0.000314479    -0.320049
0.00142723    -0.320126
0.00253337    -0.320201
0.00363549    -0.320273
0.00473521    -0.320342
0.00583356    -0.320408
0.00693131    -0.320471
0.00802898    -0.320531
0.00912702    -0.320588
0.0102257    -0.320642
0.0113254    -0.320692
0.0124263    -0.320739
0.0135285    -0.320782
0.0146323    -0.320822
0.0157378    -0.320859
0.0168452    -0.320892
0.0179546    -0.320922
0.0190662    -0.320948
0.02018    -0.32097
0.0212962    -0.320989
0.0224149    -0.321004
0.0235363    -0.321015
0.0246605    -0.321021
0.0257875    -0.321024
0.0269181    -0.321023
0.0280505    -0.321016
0.0291904    -0.321007
0.0303256    -0.320988
0.0314784    -0.320972
0.0326229    -0.320943
0.0337613    -0.320895
0.0350059    -0.320912
0.0359722    -0.320719
0.037798    -0.320988
0.0380476    -0.320477
0.0409573    -0.320549
0.0400905    -0.320436
0.0435413    -0.320314
0.0423046    -0.320387
0.0464326    -0.320347
0.0445386    -0.320151
0.0481483    -0.319513
0.0465912    -0.319896
0.0528089    -0.319183
0.0505799    -0.319602
0.0513396    -0.320211
0.0579608    -0.318674
0.0516649    -0.318946
0.0588677    -0.317805
0.0548589    -0.319355
0.0644582    -0.317747
0.057887    -0.319795
0.0654632    -0.316312
0.0570143    -0.318944
0.0638351    -0.317273
0.0637846    -0.319124
0.0665267    -0.316855
0.0627596    -0.319125
0.0711049    -0.31672
0.0730228    -0.31641
0.0689074    -0.316698
0.073245    -0.315958
0.0749461    -0.316318
0.0806463    -0.315602
0.0744538    -0.317311
0.0789074    -0.316231
0.0836885    -0.314577
0.0823843    -0.31709
0.0843342    -0.315683
0.0826344    -0.314371
0.089998    -0.31439
0.0837772    -0.316667
0.0978406    -0.312306
0.0885785    -0.314953
0.0963493    -0.314823
0.0955136    -0.312008
0.0984161    -0.314414
0.10531    -0.309569
0.097242    -0.312875
0.106251    -0.310859
0.0963371    -0.312191
0.126119    -0.302307
0.0955006    -0.314771
0.121691    -0.299778
0.104953    -0.311229
0.121754    -0.30122
0.126584    -0.305577
0.120764    -0.290929
0.123938    -0.301011
0.109866    -0.290695
0.122889    -0.30129
0.118469    -0.28907
0.120795    -0.289782
0.108583    -0.29934
0.110607    -0.295172
0.104072    -0.299195
0.107422    -0.293787
0.11298    -0.300813
0.107242    -0.304598
0.111919    -0.304851
0.115886    -0.3054
0.119375    -0.301695
0.117481    -0.298965
0.117098    -0.294843
0.110692    -0.293126
0.110162    -0.298368
0.110155    -0.302002
0.116621    -0.300972
0.121868    -0.303472
0.114349    -0.296533
0.108705    -0.303786
0.113373    -0.295351
0.115695    -0.296657
0.114477    -0.298501
0.119082    -0.303026
0.112233    -0.302322
0.120549    -0.292835
0.112233    -0.298749
0.114054    -0.293465
0.214536    -0.291435
0.219973    -0.296752
0.215169    -0.293817
0.216647    -0.294871
0.208633    -0.30991
0.211188    -0.297089
0.211574    -0.306014
0.210256    -0.304825
0.208564    -0.296489
0.213296    -0.310011
0.215381    -0.300823
0.211858    -0.307506
0.212686    -0.30055
0.210719    -0.301882
0.220147    -0.291989
0.211574    -0.291321
0.221828    -0.293319
0.20696    -0.308434
0.212464    -0.30249
0.206064    -0.300006
0.215423    -0.296233
0.212253    -0.295193
0.20984    -0.295279
0.203143    -0.308305
0.213669    -0.29971
0.216071    -0.298415
0.208274    -0.311723
0.214641    -0.299934
0.206355    -0.302999
0.202733    -0.300101
0.214257    -0.294036
0.205251    -0.307936
0.215081    -0.304935
0.213171    -0.297001
0.218402    -0.290861
0.229578    -0.284746
0.227546    -0.286524
0.21455    -0.28598
0.208601    -0.29964
0.209804    -0.307677
0.216157    -0.309851
0.218062    -0.30267
0.212466    -0.30935
0.227779    -0.285136
0.21804    -0.310267
0.216607    -0.292369
0.216593    -0.305773
0.218992    -0.293259
0.184934    -0.310572
0.219132    -0.282106
0.204726    -0.293187
0.222348    -0.276511
0.213603    -0.303729
0.221531    -0.275809
0.238579    -0.26956
0.208511    -0.319618
0.210199    -0.317298
0.210537    -0.286684
0.22113    -0.280124
0.202737    -0.293973
0.258739    -0.231715
0.219835    -0.278376
0.223601    -0.274175
0.22233    -0.278472
0.237592    -0.253312
0.242519    -0.26406
0.254915    -0.250582
0.253632    -0.233732
0.243621    -0.243129
0.256441    -0.229279
0.251593    -0.253234
0.255933    -0.23125
0.234809    -0.269758
0.250044    -0.257774
0.256713    -0.24118
0.263833    -0.237544
0.247242    -0.259116
0.229542    -0.260419
0.248954    -0.243439
0.24548    -0.245475
0.232417    -0.243942
0.257737    -0.238503
0.24874    -0.254438
0.253323    -0.262938
0.245907    -0.257962
0.229902    -0.245708
0.241996    -0.261225
0.222314    -0.26671
0.252715    -0.241471
0.258753    -0.246159
0.242107    -0.253623
0.246339    -0.254911
0.265412    -0.236755
0.242066    -0.252117
0.272173    -0.227792
0.253218    -0.247595
0.246437    -0.248935
0.256406    -0.233834
0.251489    -0.247108
0.22493    -0.26541
0.268458    -0.22759
0.250294    -0.244638
0.221526    -0.268973
0.252886    -0.251167
0.256967    -0.249402
0.259128    -0.229749
0.255648    -0.246026
0.250039    -0.255664
0.245828    -0.253611
0.248228    -0.253498
0.23356    -0.259409
0.25883    -0.255457
0.249112    -0.249888
0.254162    -0.244502
0.251081    -0.240544
0.261948    -0.225256
0.25339    -0.258044
0.256332    -0.251655
0.277012    -0.224029
0.259625    -0.248483
0.247964    -0.246224
0.236042    -0.268729
0.254502    -0.254811
0.261337    -0.236738
0.253272    -0.236402
0.421687    -0.157635
0.424662    -0.167425
0.429874    -0.165135
0.415989    -0.152109
0.402122    -0.177418
0.419223    -0.149674
0.425102    -0.151791
0.432179    -0.167186
0.402929    -0.164143
0.424632    -0.163766
0.426054    -0.157579
0.428666    -0.169405
0.427215    -0.170807
0.420625    -0.15182
0.417583    -0.16931
0.435792    -0.15957
0.414878    -0.177332
0.411427    -0.172981
0.418729    -0.156411
0.426154    -0.172675
0.423301    -0.174843
0.408469    -0.167209
0.437729    -0.147146
0.430885    -0.17025
0.431308    -0.172311
0.434467    -0.164502
0.429985    -0.174268
0.439347    -0.165441
0.422689    -0.168802
0.394653    -0.148713
0.420575    -0.169896
0.439674    -0.178958
0.408701    -0.172893
0.410823    -0.162047
0.43099    -0.150698
0.436146    -0.175304
0.435882    -0.176778
0.432894    -0.152792
0.40666    -0.18103
0.38149    -0.132467
0.438735    -0.16792
0.432734    -0.159498
0.422585    -0.161559
0.420764    -0.166733
0.427994    -0.175714
0.445073    -0.169205
0.449129    -0.208211
0.409937    -0.1545
0.423716    -0.173138
0.426487    -0.164655
0.419663    -0.177589
0.414419    -0.165395
0.434179    -0.156184
0.399363    -0.0844988
0.44134    -0.145204
0.414477    -0.161932
0.445161    -0.152613
0.411275    -0.165341
0.393839    -0.154897
0.407107    -0.155739
0.42061    -0.173112
0.418559    -0.166253
0.406997    -0.176789
0.385834    -0.0354409
0.4047    -0.170324
0.393289    -0.0296417
0.419785    -0.161333
0.390757    -0.031496
0.389099    -0.0293114
0.385498    -0.0284302
0.395111    -0.0324586
0.346673    -0.0713087
0.389278    -0.0382939
0.338732    -0.0672237
0.416403    -0.160091
0.403443    -0.0404214
0.350711    -0.0601151
0.320918    -0.0660536
0.331622    -0.0605838
0.388288    -0.0409819
0.347185    -0.0490987
0.348755    -0.0570931
0.351165    -0.048717
0.346768    -0.0597795
0.348159    -0.0551978
0.342471    -0.0653332
0.331218    -0.0478838
0.341786    -0.0548953
0.350033    -0.0531736
0.33759    -0.0632326
0.350374    -0.0722484
0.338183    -0.0412147
0.343396    -0.0553588
0.354834    -0.054337
0.305357    -0.00133889
0.359701    -0.0390175
0.355256    -0.0409599
0.39314    -0.0367084
0.342803    -0.051016
0.352627    -0.0619452
0.396555    -0.0341573
0.329371    -0.0536245
0.34504    -0.0673719
0.336347    -0.0478718
0.3477    -0.0738291
0.338594    -0.0803461
0.3432    -0.0426497
0.352491    -0.0500048
0.315495    -0.0608046
0.3321    -0.0391345
0.335575    -0.0531627
0.421727    -0.187008
0.343159    -0.0628076
0.34408    -0.0523522
0.35274    -0.0807177
0.349007    -0.0427759
0.348021    -0.0479124
0.351881    -0.0573055
0.34411    -0.0384789
0.345875    -0.0400164
0.343624    -0.0470769
0.341948    -0.0494836
0.33957    -0.0584237
0.366552    -0.107342
0.295186    -0.0351285
0.301206    -0.0721221
0.317142    -0.0659058
0.369163    -0.0920878
0.379897    -0.119193
0.355785    -0.0858304
0.366927    -0.0662484
0.299185    -0.0782405
0.358723    -0.0716314
0.292524    -0.067052
0.315794    -0.0879243
0.358156    -0.0658622
0.305499    -0.072151
0.326576    -0.0848899
0.37239    -0.0936143
0.322133    -0.0892809
0.33933    -0.0840778
0.309893    -0.0890904
0.29958    -0.0681806
0.292965    -0.0630311
0.306529    -0.08716
0.333704    -0.0914772
0.356049    -0.100183
0.378688    -0.175569
0.313011    -0.0828469
0.331658    -0.0914157
0.296098    -0.0640745
0.357441    -0.0755978
0.343719    -0.103007
0.354458    -0.0750814
0.288277    -0.0720265
0.28358    -0.0216445
0.281536    -0.0126128
0.379689    -0.0883628
0.308406    -0.0779391
0.360438    -0.0841509
0.320557    -0.0796415
0.299702    -0.0709198
0.357441    -0.0603976
0.376123    -0.0902812
0.324165    -0.0799637
0.289962    -0.0700369
0.329784    -0.0886031
0.289797    -0.0686551
0.356698    -0.08395
0.33477    -0.0862121
0.304701    -0.0754985
0.327141    -0.0794701
0.307387    -0.150722
0.384994    -0.183797
0.358643    -0.08928
0.313891    -0.125864
0.372609    -0.124109
0.397686    -0.188652
0.396135    -0.184273
0.286895    -0.0488874
0.365065    -0.0602076
0.374516    -0.136724
0.348265    -0.0970757
0.380994    -0.148831
0.360461    -0.0783514
0.41522    -0.041846
0.372051    -0.13034
0.404391    -0.0365076
0.386662    -0.198541
0.303741    -0.069183
0.32515    -0.0823256
0.402268    -0.0481926
0.321631    -0.0956024
0.369926    -0.143774
0.312584    -0.0914824
0.316071    -0.0786278
0.347147    -0.092417
0.313307    -0.074703
0.381093    -0.162123
0.309416    -0.0837606
0.331497    -0.177064
0.380816    -0.0812734
0.339696    -0.0970786
0.306227    -0.0712836
0.369454    -0.119166
0.371989    -0.0697759
0.319674    -0.0839727
0.327617    -0.101988
0.375749    -0.141554
0.382296    -0.16778
0.372889    -0.0801505
0.36277    -0.0912145
0.366393    -0.0635125
0.376522    -0.103094
0.326119    -0.0870895
0.391189    -0.178909
0.371091    -0.121544
0.288302    -0.0419327
0.294045    -0.0717501
0.315947    -0.0823246
0.374936    -0.146394
0.372766    -0.0764863
0.388478    -0.168233
0.353188    -0.0990441
0.343619    -0.0861453
0.375423    -0.11001
0.404967    -0.189654
0.384491    -0.165881
0.37621    -0.0703107
0.377238    -0.0812935
0.374876    -0.0856202
0.377357    -0.14483
0.376557    -0.152771
0.379882    -0.0536927
0.378929    -0.167187
0.288795    -0.0357579
0.341093    -0.0920501
0.37279    -0.143624
0.338994    -0.175647
0.371785    -0.14839
0.378533    -0.163894
0.318871    -0.175054
0.307757    -0.0689602
0.376832    -0.148155
0.371134    -0.140176
0.311389    -0.152058
0.367799    -0.149483
0.319214    0.0316445
0.391946    -0.197633
0.410004    -0.0353894
