-0.385043    -0.0589234
-0.380701    0.00929585
-0.383158    -0.069402
-0.389304    -0.103211
-0.383863    -0.053127
-0.382118    -0.0181228
-0.366887    -0.0177592
-0.394713    -0.0120464
-0.382174    -0.0491638
-0.378435    -0.0894683
-0.385172    -0.0201966
-0.353499    0.0206749
-0.375349    -0.00584656
-0.380473    -0.0462033
-0.411975    -0.0912434
-0.360893    -0.0063695
-0.387251    -0.111131
-0.387335    0.0284714
-0.403148    0.0535467
-0.315104    -0.0596071
-0.382963    -0.102813
-0.377952    -0.109002
-0.37776    -0.0946647
-0.386725    -0.107188
-0.353168    -0.120948
-0.383796    -0.0774917
-0.383399    -0.0473011
-0.387507    -0.0509845
-0.377389    -0.0148714
-0.375607    0.0280929
-0.397128    -0.0149267
-0.399358    0.0556412
-0.353091    -0.118439
-0.367354    -0.116061
-0.388546    -0.015617
-0.383307    -0.109176
-0.320087    -0.0927021
-0.38477    -0.0510833
-0.318832    -0.102101
-0.40974    0.0482057
-0.381337    0.00727548
-0.381563    -0.091434
-0.315441    -0.0710148
-0.362959    0.00658946
-0.359631    -0.0150655
-0.388974    0.0157971
-0.373458    -0.0171105
-0.405179    -0.0958435
-0.312411    -0.083481
-0.396833    -0.108114
-0.356389    -0.0126529
-0.375648    0.00435739
-0.37429    -0.0229712
-0.369083    -0.0206692
-0.379995    -0.0518138
-0.330195    -0.107275
-0.37118    -0.00262668
-0.387143    0.0332831
-0.377586    -0.0578995
-0.420751    -0.0844461
-0.327516    -0.0252249
-0.399915    0.0164582
-0.370863    -0.0686114
-0.350366    0.00309197
-0.372583    -0.0065656
-0.36379    -0.0077398
-0.380662    -0.0945948
-0.401171    -0.100909
-0.36527    -0.0348072
-0.365016    -0.0148292
-0.377824    -0.0638138
-0.376931    -0.104907
-0.363554    -0.010172
-0.376273    -0.0876084
-0.372762    -0.0413168
-0.358308    -0.118973
-0.379414    -0.0540889
-0.390373    0.0305232
-0.321168    -0.016179
-0.335744    -0.0294215
-0.366776    -0.0240818
-0.368273    -0.026377
-0.331624    -0.0262133
-0.376575    -0.0388154
-0.352537    -0.00637949
-0.364394    -0.0423432
-0.38554    -0.0945343
-0.355557    -0.00410014
-0.36264    0.0127524
-0.385739    -0.00280582
-0.376971    -0.00176546
-0.373578    -0.00151926
-0.387187    -0.0208203
-0.380225    -0.0068352
-0.391827    0.0155302
-0.370435    -0.0107395
-0.384712    -0.0259502
-0.368507    0.00440727
-0.389237    0.00732392
-0.383566    -0.00504438
-0.40342    -0.0966392
-0.390601    0.00595495
-0.366521    0.00969994
-0.380347    -0.0279682
-0.369425    -0.0440386
-0.36748    -0.00420697
-0.371515    0.00865077
-0.355857    0.00259841
-0.396295    -0.104717
-0.375597    -0.0127402
-0.383734    -0.0117594
-0.332215    -0.0828454
-0.378269    0.00568884
-0.371839    0.0185362
-0.386835    -0.00810108
-0.381943    0.000961419
-0.388943    -0.00495097
-0.363346    -0.00209047
-0.38829    0.0109398
-0.385714    -0.103787
-0.385797    0.00406334
-0.391812    -0.00599666
-0.390359    0.00199827
-0.339752    -0.104815
-0.414119    -0.0747859
-0.373463    -0.0330907
-0.38099    -0.0098424
-0.375647    -0.0560747
-0.365344    0.00236538
-0.346278    -0.120923
-0.336399    -0.0844861
-0.382909    -0.0273606
-0.348768    -0.105569
-0.415067    -0.0785996
-0.407534    -0.0702526
-0.398011    -0.0773111
-0.403609    -0.0626865
-0.390858    -0.0760721
-0.408338    -0.027226
-0.418683    -0.0601401
-0.39948    -0.0944692
-0.414103    -0.0694184
-0.410865    0.0109462
-0.402446    -0.0679785
-0.392897    -0.0380905
-0.409001    -0.113169
-0.407312    -0.0760313
-0.391733    -0.0738834
-0.401784    -0.0732092
-0.40459    -0.0703235
-0.40617    -0.0669472
-0.406969    -0.0787761
-0.39649    -0.0829485
-0.404353    -0.0803084
-0.40578    -0.0731826
-0.369742    -0.138547
-0.408447    -0.0642291
-0.386335    -0.0723302
-0.390383    -0.174435
-0.401618    -0.0853709
-0.411885    -0.0659133
-0.410306    -0.0721279
-0.412947    -0.0801089
-0.41592    -0.0719183
-0.411254    -0.0780005
-0.401311    -0.0768156
-0.408173    -0.0806297
-0.413732    -0.0722909
-0.402933    -0.0664037
-0.409992    -0.0865913
-0.401401    -0.1209
-0.409942    -0.0831441
-0.401451    -0.0791444
-0.386041    -0.0877356
-0.398147    -0.0686383
-0.398504    -0.0965587
-0.386894    0.0145236
-0.406365    -0.0826294
-0.406336    -0.0570419
-0.351771    -0.21064
-0.402643    -0.0280028
-0.396391    -0.127312
-0.391398    -0.0446145
-0.405471    -0.0758554
-0.358604    -0.181486
-0.404161    -0.0728715
-0.395126    -0.159696
-0.403976    -0.0821681
-0.367265    -0.174575
-0.379318    -0.171347
-0.357447    -0.156496
-0.418636    -0.0551862
-0.378502    -0.181265
-0.379004    -0.183932
-0.373102    -0.166319
-0.389322    -0.180228
-0.376927    -0.183258
-0.380401    -0.172649
-0.377029    -0.17854
-0.384649    -0.178765
-0.377939    -0.168783
-0.377576    -0.191578
-0.373779    -0.177296
-0.378023    -0.175424
-0.386502    -0.185536
-0.36471    -0.159807
-0.369599    -0.192477
-0.374726    -0.165355
-0.380115    -0.151244
-0.359199    -0.166042
-0.383105    -0.182844
-0.373117    -0.179704
-0.365083    -0.175541
-0.376292    -0.171079
-0.381634    -0.1742
-0.372252    -0.173183
-0.369295    -0.164049
-0.384235    -0.184801
-0.369752    -0.167994
-0.379092    -0.163989
-0.370119    -0.156336
-0.379556    -0.167839
-0.373192    -0.170454
-0.369024    -0.173281
-0.366046    -0.199905
-0.358231    -0.161017
-0.375422    -0.176066
-0.370861    -0.164235
-0.382559    -0.149508
-0.380579    -0.159396
-0.377908    -0.159294
-0.381818    -0.178295
-0.366457    -0.170823
-0.366408    -0.185031
-0.360926    -0.169849
-0.365929    -0.168442
-0.376988    -0.167055
-0.380081    -0.176872
-0.368731    -0.18617
-0.372037    -0.181924
-0.387552    -0.177836
-0.380612    -0.163025
-0.375887    -0.172999
-0.385836    -0.172515
-0.382625    -0.163068
-0.364681    -0.18875
-0.37488    -0.187048
-0.386584    -0.181489
-0.415921    -0.111137
-0.378005    -0.149681
-0.36651    -0.17912
-0.367205    -0.156562
-0.37034    -0.188656
-0.417467    -0.107079
-0.22555    -0.18893
-0.240061    -0.180969
-0.23118    -0.185147
-0.237846    -0.18266
-0.222731    -0.188822
-0.226655    -0.197523
-0.231358    -0.182811
-0.231618    -0.181985
-0.239519    -0.188127
-0.235278    -0.188514
-0.225367    -0.187773
-0.214114    -0.19395
-0.240056    -0.170454
-0.228544    -0.189145
-0.23454    -0.173525
-0.233126    -0.182788
-0.191878    -0.204253
-0.236251    -0.184023
-0.195172    -0.20664
-0.236214    -0.17902
-0.225697    -0.191253
-0.235804    -0.190186
-0.231051    -0.188227
-0.232171    -0.18927
-0.235333    -0.19145
-0.236386    -0.186911
-0.228653    -0.193539
-0.230785    -0.190407
-0.231426    -0.178918
-0.242    -0.184316
-0.233574    -0.190821
-0.231554    -0.174159
-0.21836    -0.196089
-0.231217    -0.176707
-0.232812    -0.187382
-0.200328    -0.215687
-0.228104    -0.19232
-0.228844    -0.182354
-0.223526    -0.191853
-0.211334    -0.199174
-0.233807    -0.184514
-0.201491    -0.212704
-0.22932    -0.179079
-0.211091    -0.201882
-0.265114    -0.183698
-0.206847    -0.203618
-0.196822    -0.216837
-0.199497    -0.214681
-0.203329    -0.207019
-0.211972    -0.200607
-0.242446    -0.178822
-0.214332    -0.199048
-0.207821    -0.202389
-0.209714    -0.201238
-0.197022    -0.212391
-0.200952    -0.207545
-0.181773    -0.236151
-0.20303    -0.20854
-0.203505    -0.21052
-0.186591    -0.229562
-0.207275    -0.205967
-0.202017    -0.210361
-0.185565    -0.229393
-0.184576    -0.231737
-0.183387    -0.230565
-0.200068    -0.212848
-0.201175    -0.209205
-0.198189    -0.209494
-0.16231    -0.241464
-0.181417    -0.242333
-0.183279    -0.250446
-0.19902    -0.212321
-0.167814    -0.243583
-0.204508    -0.206351
-0.182274    -0.249982
-0.167485    -0.24245
-0.18535    -0.228388
-0.185201    -0.238547
-0.197028    -0.223138
-0.187566    -0.22456
-0.197988    -0.239156
-0.190333    -0.235153
-0.191734    -0.234565
-0.19844    -0.241256
-0.203377    -0.216178
-0.185968    -0.235808
-0.192417    -0.220303
-0.187237    -0.236691
-0.182746    -0.227043
-0.195564    -0.235577
-0.193042    -0.244211
-0.190237    -0.231321
-0.189992    -0.233243
-0.188865    -0.226071
-0.189934    -0.238163
-0.184712    -0.227193
-0.194425    -0.222657
-0.187167    -0.242634
-0.18756    -0.227583
-0.190523    -0.240428
-0.190749    -0.243078
-0.204943    -0.215249
-0.18973    -0.241195
-0.185584    -0.244775
-0.197009    -0.238967
-0.191705    -0.230558
-0.194303    -0.229607
-0.194029    -0.238443
-0.195465    -0.226074
-0.192292    -0.227592
-0.193005    -0.233234
-0.189418    -0.230161
-0.192627    -0.24165
-0.19338    -0.221326
-0.191019    -0.228362
-0.184208    -0.241366
-0.195847    -0.232786
-0.188731    -0.234921
-0.193823    -0.231423
-0.194702    -0.232369
-0.19176    -0.226373
-0.187853    -0.24574
-0.196957    -0.226726
-0.191635    -0.238439
-0.181736    -0.225373
-0.10561    -0.221391
-0.108614    -0.220051
-0.109059    -0.224096
-0.108727    -0.22294
-0.105671    -0.226567
-0.107355    -0.220755
-0.107105    -0.223065
-0.104496    -0.219643
-0.102381    -0.227789
-0.10446    -0.225948
-0.110679    -0.221051
-0.109412    -0.216596
-0.104776    -0.223232
-0.107409    -0.224959
-0.114681    -0.219149
-0.101516    -0.224868
-0.10774    -0.227483
-0.106876    -0.222374
-0.10707    -0.229044
-0.110382    -0.219347
-0.104773    -0.232325
-0.113517    -0.219245
-0.10216    -0.239042
-0.112972    -0.223284
-0.10594    -0.230761
-0.103465    -0.238184
-0.102854    -0.236175
-0.103393    -0.235777
-0.103041    -0.234739
-0.104275    -0.237266
-0.105488    -0.233527
-0.107043    -0.230712
-0.0883637    -0.233518
-0.1038    -0.237019
-0.0840597    -0.235257
-0.107481    -0.232234
-0.0783215    -0.237085
-0.0909157    -0.233666
-0.0850486    -0.235063
-0.0866312    -0.234945
-0.0817041    -0.235377
-0.0774462    -0.238644
-0.0862717    -0.234388
-0.0829018    -0.237204
-0.0800577    -0.23647
-0.0807846    -0.237676
-0.0742997    -0.238004
-0.079932    -0.23761
-0.0721338    -0.238195
-0.0844012    -0.237823
-0.0686333    -0.237858
-0.079314    -0.239181
-0.0667184    -0.238517
-0.0744873    -0.239233
-0.0677251    -0.239316
-0.0696655    -0.237991
-0.0643861    -0.238939
-0.0694529    -0.239303
-0.0621056    -0.239789
-0.0644825    -0.239954
-0.0638271    -0.240569
-0.0597118    -0.239876
-0.0621499    -0.240932
-0.0591791    -0.240792
-0.0574933    -0.240748
-0.0592605    -0.241787
-0.0556191    -0.240879
-0.056545    -0.241552
-0.0542514    -0.241177
-0.0535508    -0.241667
-0.0525893    -0.241771
-0.0515965    -0.241905
-0.0507188    -0.242147
-0.0497462    -0.24227
-0.0488268    -0.242462
-0.0478755    -0.242609
-0.046939    -0.242776
-0.0459917    -0.242927
-0.0450491    -0.243084
-0.0441015    -0.243233
-0.0431554    -0.243383
-0.0422069    -0.243528
-0.0412583    -0.243673
-0.0403086    -0.243815
-0.0393582    -0.243955
-0.0384071    -0.244093
-0.0374552    -0.24423
-0.0365027    -0.244364
-0.0355495    -0.244497
-0.0345956    -0.244628
-0.0336411    -0.244757
-0.032686    -0.244884
-0.0317303    -0.24501
-0.0307739    -0.245134
-0.029817    -0.245256
-0.0288594    -0.245377
-0.0279012    -0.245496
-0.0269424    -0.245614
-0.025983    -0.245729
-0.025023    -0.245844
-0.0240624    -0.245956
-0.0231011    -0.246067
-0.0221392    -0.246177
-0.0211767    -0.246285
-0.0202135    -0.246391
-0.0192497    -0.246495
-0.0182852    -0.246598
-0.0173201    -0.2467
-0.0163542    -0.246799
-0.0153876    -0.246897
-0.0144202    -0.246993
-0.013452    -0.247087
-0.012483    -0.247178
-0.0115129    -0.247267
-0.0105416    -0.247353
-0.00956836    -0.247434
-0.00859161    -0.24751
-0.00760504    -0.247574
-0.00656141    -0.247601
-0.00527522    -0.24775
-0.00447463    -0.248162
-0.00591431    -0.248096
-0.00372914    -0.248287
-0.00244066    -0.248167
-0.00133993    -0.248213
-0.000290103    -0.248282
0.000738211    -0.248356
0.00175532    -0.24843
0.00276583    -0.248503
0.00377218    -0.248576
0.00477582    -0.248647
0.00577766    -0.248717
0.00677834    -0.248785
0.00777832    -0.248851
0.00877793    -0.248916
0.00977743    -0.248979
0.010777    -0.249041
0.0117769    -0.249101
0.0127772    -0.249159
0.013778    -0.249215
0.0147795    -0.249269
0.0157817    -0.249322
0.0167847    -0.249373
0.0177887    -0.249422
0.0187936    -0.249469
0.0197995    -0.249515
0.0208066    -0.249558
0.0218148    -0.2496
0.0228243    -0.249639
0.0238351    -0.249677
0.0248472    -0.249713
0.0258607    -0.249746
0.0268757    -0.249778
0.0278923    -0.249807
0.0289105    -0.249834
0.0299304    -0.249859
0.0309519    -0.249882
0.0319754    -0.249903
0.0330007    -0.249921
0.0340279    -0.249936
0.0350575    -0.24995
0.0360886    -0.24996
0.0371231    -0.249968
0.038158    -0.249973
0.0391988    -0.249976
0.0402369    -0.249973
0.041286    -0.249972
0.0423262    -0.24996
0.0433871    -0.249955
0.0444261    -0.249928
0.0455071    -0.249922
0.0465501    -0.249883
0.0476057    -0.249829
0.0488657    -0.249898
0.049561    -0.249583
0.0520614    -0.249675
0.0513245    -0.249478
0.0546763    -0.249563
0.0532336    -0.24943
0.0576971    -0.249395
0.0551099    -0.249194
0.0603266    -0.249162
0.0570905    -0.249142
0.0608283    -0.248706
0.0589982    -0.249106
0.0642742    -0.248384
0.0641    -0.249855
0.0659246    -0.248546
0.0670109    -0.247494
0.0639902    -0.24948
0.0707101    -0.248416
0.065391    -0.247947
0.0740937    -0.246401
0.0698782    -0.248229
0.0740263    -0.247789
0.07466    -0.247481
0.0748593    -0.249163
0.0789307    -0.246882
0.0724647    -0.247685
0.0851065    -0.244653
0.0781392    -0.247859
0.083559    -0.246683
0.0820852    -0.246592
0.0847914    -0.246491
0.0912151    -0.245386
0.0852695    -0.247958
0.0894075    -0.245761
0.0845813    -0.247695
0.100399    -0.243555
0.084302    -0.245266
0.0984795    -0.245115
0.0912177    -0.244727
0.0982183    -0.247034
0.101339    -0.245151
0.108212    -0.241995
0.0985351    -0.244307
0.114023    -0.237343
0.100029    -0.245333
0.115689    -0.240023
0.108487    -0.24377
0.115854    -0.233336
0.115407    -0.237467
0.114629    -0.228842
0.118625    -0.231328
0.111541    -0.228353
0.11234    -0.226738
0.107296    -0.227149
0.10378    -0.229426
0.102652    -0.232096
0.102063    -0.234304
0.102262    -0.236834
0.108116    -0.23816
0.112041    -0.23679
0.111083    -0.235252
0.109362    -0.230538
0.105726    -0.231413
0.10598    -0.233403
0.111705    -0.232526
0.10676    -0.237048
0.109022    -0.234276
0.109324    -0.236537
0.108901    -0.232303
0.111823    -0.23145
0.105814    -0.236495
0.108194    -0.234139
0.105825    -0.239698
0.18427    -0.243229
0.175876    -0.245993
0.187356    -0.235423
0.178956    -0.236876
0.175714    -0.239848
0.179226    -0.233248
0.182242    -0.243997
0.170147    -0.238838
0.168918    -0.24287
0.183706    -0.24517
0.179048    -0.235827
0.178723    -0.240986
0.18037    -0.236179
0.183343    -0.233866
0.18757    -0.244044
0.182381    -0.23585
0.177709    -0.23967
0.181065    -0.236893
0.18246    -0.238421
0.176004    -0.238918
0.184435    -0.241758
0.182649    -0.241678
0.185632    -0.234699
0.179926    -0.238017
0.17507    -0.244451
0.17651    -0.242096
0.173082    -0.24461
0.181229    -0.242134
0.174245    -0.241525
0.1934    -0.239787
0.181651    -0.239618
0.172087    -0.23533
0.190202    -0.236587
0.174478    -0.23465
0.179745    -0.242654
0.174743    -0.257332
0.173652    -0.256957
0.179971    -0.253003
0.17086    -0.245252
0.180785    -0.234844
0.186159    -0.236672
0.173535    -0.232862
0.176367    -0.244535
0.174381    -0.255971
0.16564    -0.234817
0.178139    -0.245954
0.1862    -0.245699
0.184229    -0.239718
0.168636    -0.227287
0.202233    -0.2263
0.184294    -0.249603
0.202654    -0.223143
0.184095    -0.237638
0.200938    -0.227641
0.207809    -0.222562
0.164381    -0.234755
0.167073    -0.235744
0.201633    -0.225181
0.203504    -0.219987
0.203925    -0.221272
0.249242    -0.208035
0.199688    -0.222897
0.200522    -0.225174
0.201615    -0.223198
0.251404    -0.204883
0.239648    -0.197207
0.244147    -0.199727
0.251277    -0.208662
0.255828    -0.210362
0.250782    -0.207292
0.226691    -0.208154
0.257815    -0.209893
0.220245    -0.195649
0.230813    -0.208924
0.230095    -0.191995
0.228465    -0.195912
0.226741    -0.206327
0.246198    -0.190889
0.227659    -0.201509
0.225962    -0.201569
0.252323    -0.192199
0.22538    -0.199632
0.234074    -0.204082
0.216077    -0.204162
0.232133    -0.201991
0.251086    -0.183103
0.231021    -0.206984
0.22858    -0.185331
0.233123    -0.199387
0.214563    -0.205841
0.238006    -0.212415
0.234251    -0.205969
0.229683    -0.199293
0.228759    -0.204642
0.23601    -0.216762
0.23525    -0.20026
0.228057    -0.213612
0.253513    -0.213489
0.232637    -0.197311
0.233757    -0.188343
0.234691    -0.216639
0.224266    -0.202847
0.233975    -0.191433
0.237021    -0.203671
0.238625    -0.206514
0.224704    -0.209909
0.236215    -0.201391
0.229177    -0.206289
0.232931    -0.204523
0.243215    -0.202007
0.245754    -0.204678
0.236743    -0.197906
0.235969    -0.207015
0.231077    -0.194102
0.218701    -0.208185
0.250343    -0.212158
0.240409    -0.205677
0.243743    -0.203555
0.248977    -0.213454
0.232442    -0.195007
0.221303    -0.209706
0.212409    -0.205129
0.232826    -0.209533
0.219528    -0.207448
0.252475    -0.210338
0.378118    -0.178729
0.377857    -0.181906
0.380586    -0.167
0.386662    -0.175334
0.388195    -0.201266
0.387271    -0.167401
0.369679    -0.181577
0.374636    -0.16823
0.367105    -0.16497
0.366055    -0.17805
0.381663    -0.183181
0.380248    -0.170476
0.378792    -0.184279
0.377699    -0.186694
0.376617    -0.176293
0.37153    -0.180815
0.381672    -0.173637
0.357728    -0.1808
0.369175    -0.185391
0.384638    -0.184903
0.378213    -0.174375
0.383695    -0.174081
0.366313    -0.21054
0.374847    -0.179013
0.370796    -0.172555
0.371109    -0.189033
0.38253    -0.186668
0.382504    -0.188805
0.370182    -0.188315
0.363662    -0.182557
0.372183    -0.169913
0.37811    -0.190574
0.374976    -0.174052
0.386567    -0.165354
0.371819    -0.187748
0.373617    -0.172415
0.382927    -0.169856
0.373202    -0.192375
0.39257    -0.162022
0.382289    -0.141725
0.371823    -0.166932
0.383737    -0.151375
0.376303    -0.167236
0.378435    -0.176956
0.390533    -0.187687
0.384824    -0.156311
0.35429    -0.209273
0.387888    -0.187693
0.374305    -0.18378
0.38729    -0.182968
0.368387    -0.175826
0.383066    -0.176289
0.396144    -0.180657
0.398685    -0.133645
0.373717    -0.163473
0.385877    -0.189648
0.389591    -0.17634
0.380225    -0.157531
0.374214    -0.197903
0.359183    -0.169544
0.382078    -0.180156
0.3772    -0.179922
0.365125    -0.168633
0.420055    -0.0917527
0.376832    -0.183459
0.424623    -0.0948236
0.377778    -0.172673
0.425621    -0.0916685
0.431274    -0.102603
0.426082    -0.09836
0.423729    -0.0977687
0.418254    -0.0727885
0.426584    -0.1036
0.420359    -0.0780375
0.373669    -0.177871
0.427616    -0.0936297
0.392427    -0.0581786
0.406206    -0.0399253
0.422733    -0.0771584
0.428609    -0.100892
0.400408    -0.0613675
0.408823    -0.0537789
0.411683    -0.0684371
0.410175    -0.0544719
0.395989    -0.0581792
0.39674    -0.0564346
0.407741    -0.0776151
0.410534    -0.0567011
0.405695    -0.0560877
0.398951    -0.0585234
0.407234    -0.0671177
0.399221    -0.0546909
0.40562    -0.0595178
0.398782    -0.0690318
0.390644    0.0201781
0.397116    -0.0504359
0.40129    -0.066058
0.42531    -0.104819
0.409269    -0.0586359
0.388924    -0.0600249
0.424566    -0.100732
0.415017    -0.07712
0.390649    -0.0637928
0.400841    -0.0580171
0.397566    -0.0659571
0.393259    -0.0395211
0.388175    -0.0512608
0.408277    -0.0713332
0.418685    -0.0565256
0.39837    -0.0723018
0.39246    -0.0545037
0.378655    -0.14218
0.385485    -0.0593687
0.407496    -0.0645242
0.399178    -0.044109
0.39839    -0.0636338
0.409726    -0.0617904
0.396151    -0.0617519
0.392077    -0.0488433
0.404407    -0.0632646
0.403401    -0.060996
0.402263    -0.070266
0.387174    -0.057728
0.354338    -0.0394747
0.38874    -0.0157833
0.375307    -0.0298246
0.414121    -0.0479466
0.363517    -0.0452353
0.381385    -0.134961
0.373615    -0.0411995
0.373838    -0.055093
0.372038    0.00916794
0.354559    -0.0274773
0.382673    -0.0119037
0.36661    0.0103963
0.369003    -0.0328637
0.372465    -0.0256216
0.366958    -0.0120273
0.366664    -0.0467342
0.369429    -0.00248416
0.360781    -0.0225641
0.367188    0.00614779
0.371924    -0.0200187
0.369766    -0.0232232
0.372605    -2.04504e-05
0.363903    0.00696998
0.347092    -0.00772635
0.359271    -0.0841476
0.379415    -0.0098191
0.365839    -0.00126612
0.368483    -0.0180645
0.372177    -0.0363758
0.346616    0.00079983
0.367452    -0.0382026
0.369485    0.0165603
0.361534    0.0330312
0.360748    0.038974
0.372557    -0.0653629
0.378404    -0.0152746
0.356555    -0.0254326
0.358042    -0.00783337
0.372611    -0.0183657
0.367441    -0.03486
0.367425    -0.054515
0.3597    -0.00114364
0.377518    -0.0206472
0.362734    0.00415632
0.374508    -0.0240303
0.370248    -0.0364919
0.368533    -0.00928245
0.375895    -0.0185181
0.366325    -0.00697469
0.306365    -0.0679498
0.351667    -0.0929156
0.379273    -0.041984
0.314445    -0.0338572
0.370979    -0.0890685
0.346051    -0.107721
0.34434    -0.117238
0.378696    0.0107208
0.375813    -0.077343
0.354973    -0.107403
0.352599    -0.00225467
0.356705    -0.098566
0.352118    -0.0221727
0.405484    -0.0983623
0.355066    -0.119442
0.409503    -0.0910915
0.335643    -0.12184
0.363057    -0.0172752
0.360312    -0.00700719
0.397813    -0.0882149
0.356729    0.0139671
0.350945    -0.113185
0.364391    0.0150307
0.360236    -0.0132925
0.351915    -0.00831779
0.356321    -0.0115019
0.355545    -0.100992
0.379633    -0.0182775
0.311563    -0.0989572
0.369709    -0.104509
0.356891    0.00464011
0.369398    -0.0159901
0.373684    -0.0938009
0.373132    -0.105538
0.374753    -0.0120775
0.344324    0.00722226
0.360429    -0.100778
0.36738    -0.0961485
0.3775    -0.0936094
0.351579    -0.0185605
0.379149    -0.0513485
0.35931    -0.1134
0.37085    -0.01113
0.351442    -0.101449
0.371799    -0.0996795
0.381904    0.00412246
0.375988    0.00223514
0.364211    -0.00959063
0.354381    -0.109315
0.373324    -0.0752927
0.347142    -0.118084
0.342159    -0.0119776
0.351666    -0.0120996
0.362494    -0.110317
0.340689    -0.121174
0.365522    -0.0920436
0.367033    -0.105748
0.370893    -0.097705
0.375895    -0.0721571
0.369755    -0.0826896
0.363398    -0.100635
0.383908    -0.089059
0.365314    -0.0970025
0.383485    -0.00169579
0.361031    -0.00193458
0.358493    -0.108834
0.316248    -0.102335
0.358599    -0.107067
0.361143    -0.0926182
0.303742    -0.0961707
0.363515    -0.0226192
0.362265    -0.0969684
0.352148    -0.106956
0.301809    -0.0690421
0.369851    -0.0752626
0.390002    0.0493074
0.331311    -0.123732
0.407439    -0.106063
