-0.414677    0.00950601
-0.409155    -0.0257579
-0.393452    -0.0371975
-0.378877    -0.0326987
-0.385974    -0.0331706
-0.43098    -0.0179923
-0.45722    -0.00293105
-0.381755    -0.0421991
-0.390017    -0.0325769
-0.396981    -0.031994
-0.450437    0.00520234
-0.4461    -0.0155282
-0.423804    -0.0285898
-0.399372    -0.0324724
-0.372837    -0.0303674
-0.420699    -0.0224801
-0.393022    -0.027331
-0.415135    -0.0462317
-0.474967    -0.00815326
-0.363123    0.0242111
-0.369638    -0.0414928
-0.40108    -0.0282467
-0.372639    -0.046846
-0.390624    -0.0265394
-0.350323    -0.0267064
-0.375297    -0.0463235
-0.38753    -0.037794
-0.390206    -0.0389438
-0.427642    -0.0238029
-0.426136    -0.0403218
-0.383643    -0.0435677
-0.473275    -0.00441738
-0.351092    -0.0239252
-0.370023    -0.0245134
-0.438049    -0.0033088
-0.374823    -0.0352555
-0.348009    -0.00116746
-0.386344    -0.0402401
-0.337824    -0.0057574
-0.452674    -0.0314028
-0.397833    -0.0371715
-0.398373    -0.0275896
-0.355926    0.0163433
-0.412058    -0.0280285
-0.451598    -0.0103991
-0.393689    -0.04829
-0.419606    -0.0250826
-0.379511    -0.0275279
-0.345911    0.00829619
-0.381255    -0.030726
-0.451013    -0.00556423
-0.405958    -0.0288418
-0.460628    -0.001375
-0.460381    -0.00554052
-0.402642    -0.0308487
-0.346059    -0.012066
-0.440082    0.00424484
-0.410954    -0.0387925
-0.445579    0.0142338
-0.366329    -0.0545926
-0.401245    0.0449156
-0.407916    -0.0275682
-0.432072    0.0201002
-0.436294    -0.0161949
-0.421938    -0.000866966
-0.416785    -0.0278851
-0.393835    -0.0347668
-0.365316    -0.0422099
-0.460413    0.00668442
-0.421653    -0.0301507
-0.426142    0.0213145
-0.390296    -0.0305017
-0.420709    -0.00786677
-0.378056    -0.0445161
-0.453346    0.0141128
-0.35408    -0.0250171
-0.391555    -0.0342338
-0.40429    -0.0378741
-0.40017    0.0542089
-0.39834    0.0494786
-0.441047    -0.01372
-0.454372    -0.00763355
-0.395201    0.0475868
-0.453981    0.018648
-0.436931    -0.0185375
-0.456885    0.0126927
-0.372765    -0.0440227
-0.421835    -0.0253334
-0.416402    -0.0170525
-0.432725    -0.00692563
-0.433516    0.00115618
-0.425395    -0.00333022
-0.431111    -0.0079346
-0.433424    -0.00219255
-0.436902    0.0114116
-0.422566    -0.0147723
-0.428606    -0.00580965
-0.425443    0.000122798
-0.440305    0.0114888
-0.444401    0.00595563
-0.368192    -0.0376441
-0.434327    0.00827047
-0.425101    0.00331905
-0.432958    -0.0107041
-0.447551    0.00268562
-0.418484    -0.00499867
-0.41446    -0.00322223
-0.418876    -0.0194588
-0.370719    -0.0342111
-0.428414    -0.0197607
-0.425603    -0.0137906
-0.37257    0.0012788
-0.423841    0.0104049
-0.41475    -0.0132789
-0.430005    -0.000598674
-0.427203    0.00775683
-0.437067    0.00202355
-0.422151    0.00342095
-0.430605    0.0118808
-0.379245    -0.0350471
-0.430304    0.00744181
-0.440458    0.000976468
-0.442658    0.00395192
-0.364558    -0.0120557
-0.382166    -0.0878075
-0.442252    -0.00893802
-0.423111    -0.00840973
-0.422123    0.0222929
-0.422473    0.00652029
-0.358727    -0.0220259
-0.370037    0.00449366
-0.441903    -0.00315944
-0.373826    -0.0167795
-0.37907    -0.0822393
-0.370819    -0.0962743
-0.3752    -0.088486
-0.378389    -0.0905482
-0.360806    -0.11315
-0.383905    -0.108209
-0.359125    -0.0976983
-0.379425    -0.0958158
-0.370699    -0.0937803
-0.396506    -0.0625028
-0.372789    -0.0875308
-0.377842    -0.0992623
-0.353025    -0.0942054
-0.385863    -0.088129
-0.366175    -0.09679
-0.375963    -0.0906584
-0.369412    -0.0956451
-0.370944    -0.0903773
-0.381441    -0.096519
-0.380972    -0.0891502
-0.358593    -0.0995248
-0.367643    -0.0950471
-0.354404    -0.0800643
-0.372544    -0.0918633
-0.380554    -0.0998163
-0.319565    -0.117977
-0.382207    -0.0923059
-0.368449    -0.0985804
-0.376501    -0.0850809
-0.380401    -0.0837439
-0.35413    -0.0974143
-0.375001    -0.0928313
-0.374978    -0.0841468
-0.364973    -0.0962075
-0.362257    -0.0957263
-0.372682    -0.0895323
-0.351727    -0.0964267
-0.350632    -0.0928256
-0.362165    -0.0910379
-0.360722    -0.0974008
-0.389865    -0.0877764
-0.383868    -0.0829067
-0.35759    -0.0955002
-0.40002    -0.0601828
-0.361499    -0.0947369
-0.36524    -0.0909408
-0.28754    -0.140458
-0.390878    -0.103304
-0.354243    -0.0927579
-0.390102    -0.0981719
-0.379459    -0.09258
-0.320311    -0.153273
-0.368004    -0.0933522
-0.297137    -0.152064
-0.369406    -0.0896216
-0.300912    -0.151652
-0.319549    -0.130701
-0.321392    -0.151017
-0.363349    -0.0927026
-0.330527    -0.133682
-0.324389    -0.141606
-0.327522    -0.13396
-0.31917    -0.145832
-0.332478    -0.130059
-0.330398    -0.129489
-0.320149    -0.137671
-0.325745    -0.153874
-0.32756    -0.135389
-0.311598    -0.138829
-0.322857    -0.139046
-0.312861    -0.136269
-0.310229    -0.135904
-0.30376    -0.1616
-0.326575    -0.152216
-0.314738    -0.146924
-0.306622    -0.134123
-0.310139    -0.146911
-0.305745    -0.144273
-0.325402    -0.14478
-0.309032    -0.134852
-0.326604    -0.136859
-0.323193    -0.132725
-0.317684    -0.137553
-0.32336    -0.142779
-0.326538    -0.138236
-0.327222    -0.140319
-0.320479    -0.135807
-0.323411    -0.128291
-0.32221    -0.130737
-0.324022    -0.135709
-0.327417    -0.125714
-0.336615    -0.125649
-0.344712    -0.130493
-0.332458    -0.125366
-0.327606    -0.132742
-0.32273    -0.124564
-0.318072    -0.140056
-0.321669    -0.140844
-0.31569    -0.133192
-0.320014    -0.127558
-0.320187    -0.132755
-0.342886    -0.131021
-0.330336    -0.13719
-0.31495    -0.143125
-0.314804    -0.136157
-0.312729    -0.133747
-0.317933    -0.132955
-0.321634    -0.146405
-0.311947    -0.142424
-0.323855    -0.137283
-0.324051    -0.146799
-0.312329    -0.145437
-0.30764    -0.143526
-0.31065    -0.151494
-0.314664    -0.151432
-0.34911    -0.133123
-0.314561    -0.131017
-0.305638    -0.159381
-0.302491    -0.146562
-0.306495    -0.148949
-0.344462    -0.142257
-0.226599    -0.139592
-0.228932    -0.131233
-0.211563    -0.136097
-0.230994    -0.135031
-0.225502    -0.130381
-0.21224    -0.131705
-0.2239    -0.128522
-0.226299    -0.142184
-0.229603    -0.137038
-0.220168    -0.135872
-0.228897    -0.134628
-0.235994    -0.134809
-0.219899    -0.142855
-0.222217    -0.132705
-0.213714    -0.137389
-0.22545    -0.136767
-0.21306    -0.12417
-0.222901    -0.14059
-0.210658    -0.129201
-0.227305    -0.131848
-0.223012    -0.132606
-0.220804    -0.134696
-0.219343    -0.138166
-0.221278    -0.138433
-0.225639    -0.133457
-0.22275    -0.137377
-0.219132    -0.134438
-0.224738    -0.138126
-0.222492    -0.129949
-0.23222    -0.130567
-0.225019    -0.140428
-0.231557    -0.14504
-0.234599    -0.132676
-0.234505    -0.146411
-0.220528    -0.131598
-0.202523    -0.14284
-0.224065    -0.134718
-0.232374    -0.144025
-0.22698    -0.136665
-0.192596    -0.145335
-0.224    -0.138712
-0.194402    -0.146368
-0.233432    -0.146634
-0.191139    -0.149139
-0.232649    -0.150875
-0.199297    -0.145446
-0.192503    -0.149559
-0.201292    -0.146858
-0.194084    -0.145132
-0.201148    -0.146094
-0.206514    -0.147202
-0.200483    -0.148503
-0.200212    -0.147552
-0.197924    -0.147437
-0.189327    -0.150098
-0.195377    -0.147453
-0.186997    -0.149951
-0.177676    -0.155281
-0.193899    -0.148851
-0.182622    -0.154348
-0.192406    -0.147809
-0.180435    -0.15707
-0.18183    -0.154308
-0.181047    -0.153318
-0.180066    -0.153344
-0.185519    -0.152512
-0.180036    -0.152566
-0.17868    -0.154181
-0.15921    -0.153522
-0.178101    -0.151962
-0.153012    -0.156783
-0.187234    -0.151844
-0.160021    -0.152434
-0.18088    -0.156222
-0.151746    -0.156093
-0.158887    -0.151728
-0.152666    -0.168209
-0.182868    -0.151951
-0.146332    -0.164867
-0.152409    -0.160616
-0.143375    -0.163941
-0.154325    -0.172225
-0.162033    -0.169101
-0.144431    -0.164042
-0.152919    -0.175031
-0.151859    -0.169613
-0.160672    -0.174223
-0.156084    -0.173571
-0.168406    -0.169686
-0.166137    -0.163782
-0.167517    -0.161951
-0.160364    -0.15965
-0.156674    -0.160853
-0.156818    -0.162896
-0.158272    -0.160633
-0.153699    -0.166042
-0.154737    -0.16065
-0.155957    -0.166516
-0.153164    -0.167536
-0.161107    -0.170679
-0.159971    -0.169391
-0.150378    -0.167322
-0.160147    -0.164751
-0.163279    -0.170232
-0.146962    -0.164652
-0.161875    -0.165163
-0.164024    -0.162743
-0.168966    -0.165775
-0.162395    -0.161496
-0.159436    -0.16296
-0.159809    -0.166853
-0.16176    -0.159929
-0.166838    -0.167536
-0.153858    -0.165142
-0.163109    -0.160537
-0.158538    -0.169339
-0.166685    -0.165464
-0.158109    -0.162627
-0.156972    -0.165537
-0.16157    -0.168537
-0.162367    -0.163826
-0.164577    -0.170361
-0.161664    -0.166473
-0.155712    -0.167883
-0.172535    -0.165116
-0.107682    -0.150192
-0.10614    -0.155111
-0.108676    -0.153848
-0.11017    -0.154624
-0.108535    -0.152359
-0.109227    -0.152846
-0.107563    -0.152509
-0.106245    -0.153135
-0.109189    -0.156468
-0.107036    -0.157842
-0.109773    -0.150995
-0.105954    -0.158477
-0.104916    -0.159533
-0.110574    -0.153863
-0.100994    -0.159764
-0.108675    -0.158256
-0.0981233    -0.159965
-0.104989    -0.160721
-0.0963936    -0.160502
-0.102058    -0.160229
-0.0946568    -0.160764
-0.100017    -0.160855
-0.0919756    -0.161042
-0.097788    -0.161303
-0.0945434    -0.162064
-0.0904872    -0.161981
-0.0938631    -0.161969
-0.0877354    -0.161714
-0.0920534    -0.162597
-0.0877886    -0.162953
-0.0859782    -0.162963
-0.0889961    -0.162702
-0.0839784    -0.162833
-0.0877427    -0.164097
-0.0822365    -0.162827
-0.0847935    -0.163855
-0.0804248    -0.162952
-0.0814608    -0.163755
-0.079336    -0.163411
-0.0782836    -0.163549
-0.0775983    -0.16397
-0.0764856    -0.163861
-0.0757032    -0.164184
-0.0747325    -0.164229
-0.0738144    -0.164381
-0.0729198    -0.164538
-0.0719681    -0.16463
-0.0710731    -0.164792
-0.0701294    -0.164888
-0.0692214    -0.165031
-0.0682867    -0.165136
-0.0673685    -0.165264
-0.06644    -0.165375
-0.0655159    -0.165492
-0.0645894    -0.165605
-0.0636633    -0.165717
-0.0627366    -0.165827
-0.0618098    -0.165936
-0.0608824    -0.166044
-0.0599551    -0.166151
-0.0590273    -0.166256
-0.0580993    -0.16636
-0.0571712    -0.166463
-0.0562428    -0.166565
-0.0553142    -0.166667
-0.0543855    -0.166767
-0.0534565    -0.166866
-0.0525273    -0.166964
-0.0515979    -0.167061
-0.0506684    -0.167157
-0.0497387    -0.167253
-0.0488088    -0.167347
-0.0478787    -0.167441
-0.0469485    -0.167534
-0.0460181    -0.167626
-0.0450875    -0.167717
-0.0441568    -0.167808
-0.0432259    -0.167898
-0.0422948    -0.167987
-0.0413635    -0.168075
-0.0404321    -0.168163
-0.0395005    -0.16825
-0.0385688    -0.168336
-0.0376369    -0.168421
-0.0367048    -0.168506
-0.0357725    -0.16859
-0.0348401    -0.168674
-0.0339075    -0.168756
-0.0329747    -0.168839
-0.0320418    -0.16892
-0.0311086    -0.169001
-0.0301753    -0.169081
-0.0292418    -0.169161
-0.0283081    -0.16924
-0.0273742    -0.169318
-0.0264402    -0.169396
-0.0255059    -0.169473
-0.0245714    -0.16955
-0.0236368    -0.169626
-0.0227019    -0.169701
-0.0217669    -0.169776
-0.0208316    -0.16985
-0.0198961    -0.169924
-0.0189604    -0.169997
-0.0180245    -0.170069
-0.0170884    -0.170141
-0.016152    -0.170212
-0.0152154    -0.170283
-0.0142786    -0.170352
-0.0133415    -0.170422
-0.0124042    -0.17049
-0.0114666    -0.170558
-0.0105288    -0.170625
-0.00959065    -0.170691
-0.00865222    -0.170757
-0.00771343    -0.170821
-0.00677418    -0.170883
-0.00583418    -0.170943
-0.00489227    -0.170999
-0.00394039    -0.171041
-0.00283386    -0.17107
-0.0030068    -0.171426
-0.00162136    -0.171315
-0.00057517    -0.171339
0.000421546    -0.171391
0.00139952    -0.17145
0.0023681    -0.17151
0.00333118    -0.17157
0.00429072    -0.17163
0.00524786    -0.17169
0.00620329    -0.17175
0.0071575    -0.171808
0.00811081    -0.171867
0.00906346    -0.171924
0.0100156    -0.171981
0.0109675    -0.172037
0.0119191    -0.172093
0.0128706    -0.172148
0.0138221    -0.172202
0.0147735    -0.172256
0.0157251    -0.172309
0.0166768    -0.172361
0.0176286    -0.172413
0.0185806    -0.172464
0.0195329    -0.172514
0.0204855    -0.172564
0.0214383    -0.172613
0.0223915    -0.172661
0.023345    -0.172708
0.024299    -0.172755
0.0252533    -0.172801
0.0262081    -0.172847
0.0271633    -0.172891
0.028119    -0.172935
0.0290752    -0.172978
0.0300319    -0.17302
0.0309892    -0.173062
0.0319471    -0.173102
0.0329056    -0.173142
0.0338646    -0.173181
0.0348244    -0.173219
0.0357848    -0.173256
0.0367459    -0.173293
0.0377078    -0.173328
0.0386704    -0.173363
0.0396338    -0.173396
0.040598    -0.173429
0.0415631    -0.17346
0.042529    -0.173491
0.0434959    -0.173521
0.0444637    -0.173549
0.0454326    -0.173576
0.0464025    -0.173603
0.0473734    -0.173628
0.0483455    -0.173652
0.0493188    -0.173674
0.0502932    -0.173696
0.051269    -0.173716
0.052246    -0.173735
0.0532247    -0.173752
0.0542043    -0.173768
0.0551865    -0.173783
0.0561686    -0.173795
0.0571546    -0.173807
0.0581397    -0.173816
0.0591295    -0.173824
0.0601184    -0.173829
0.0611123    -0.173834
0.0621059    -0.173836
0.0631017    -0.173835
0.0641057    -0.173837
0.0650981    -0.173826
0.0661157    -0.173828
0.0671093    -0.17381
0.0681306    -0.173804
0.0691396    -0.173787
0.070152    -0.173764
0.0711914    -0.173756
0.0721834    -0.173709
0.0732579    -0.173709
0.0742439    -0.173646
0.0753258    -0.17363
0.0763584    -0.173579
0.0773448    -0.173461
0.0788902    -0.173635
0.0791614    -0.173168
0.0819194    -0.17321
0.0809991    -0.173115
0.0843109    -0.173071
0.0831034    -0.173064
0.0866317    -0.17296
0.0852995    -0.172926
0.0887233    -0.172645
0.0873846    -0.172662
0.091143    -0.17242
0.0896645    -0.172434
0.0937741    -0.172266
0.0921538    -0.172244
0.0960881    -0.171778
0.0945491    -0.17193
0.0988688    -0.171323
0.0974074    -0.171636
0.102252    -0.170944
0.10092    -0.171395
0.105376    -0.171071
0.10577    -0.170133
0.109293    -0.169055
0.111133    -0.167498
0.11269    -0.165748
0.113554    -0.163612
0.11329    -0.161427
0.110528    -0.159109
0.107649    -0.159567
0.104977    -0.159897
0.103363    -0.16326
0.102858    -0.165392
0.106294    -0.167375
0.10794    -0.162802
0.107907    -0.16597
0.108824    -0.164822
0.109731    -0.160989
0.106721    -0.162685
0.104113    -0.162243
0.106344    -0.165761
0.105359    -0.16506
0.110446    -0.162653
0.151222    -0.178542
0.151234    -0.175663
0.152406    -0.176773
0.156272    -0.171871
0.159632    -0.173645
0.154076    -0.175154
0.154016    -0.174626
0.149521    -0.175577
0.15253    -0.174492
0.152327    -0.172702
0.157129    -0.174056
0.154879    -0.171065
0.159595    -0.172484
0.16013    -0.176264
0.1586    -0.173438
0.153855    -0.173236
0.156049    -0.168236
0.153419    -0.17079
0.156247    -0.173065
0.156166    -0.174213
0.157829    -0.179334
0.157325    -0.178374
0.156614    -0.177446
0.155258    -0.176033
0.150862    -0.171885
0.151424    -0.170094
0.149931    -0.170495
0.15108    -0.16907
0.153298    -0.168885
0.157147    -0.169745
0.1591    -0.171213
0.150148    -0.181751
0.160263    -0.179148
0.145875    -0.176718
0.14502    -0.179514
0.147013    -0.166635
0.14727    -0.168236
0.146199    -0.166498
0.167298    -0.16709
0.152548    -0.179426
0.169004    -0.165885
0.147293    -0.174047
0.173926    -0.162602
0.147718    -0.167158
0.17394    -0.165295
0.176149    -0.164755
0.16705    -0.16545
0.172854    -0.163345
0.172802    -0.16563
0.189618    -0.163191
0.164142    -0.167123
0.183811    -0.161775
0.166028    -0.166986
0.184779    -0.164941
0.186964    -0.162577
0.171406    -0.16426
0.175568    -0.164053
0.187784    -0.161293
0.185155    -0.166679
0.185919    -0.162559
0.205591    -0.164601
0.186069    -0.165017
0.184347    -0.16335
0.182284    -0.16309
0.202674    -0.166448
0.201356    -0.165949
0.201992    -0.164055
0.204596    -0.163448
0.202931    -0.165016
0.200134    -0.164487
0.219835    -0.157484
0.202262    -0.168062
0.228269    -0.155158
0.215532    -0.159451
0.212935    -0.162211
0.213045    -0.163925
0.218308    -0.158147
0.213245    -0.160953
0.211692    -0.163562
0.216743    -0.160318
0.215777    -0.158655
0.219091    -0.159442
0.231276    -0.142487
0.217963    -0.162049
0.232587    -0.14116
0.243068    -0.153037
0.229936    -0.140844
0.241805    -0.148117
0.235603    -0.138483
0.227453    -0.145149
0.223899    -0.136884
0.228412    -0.141178
0.216503    -0.148147
0.23287    -0.143267
0.221558    -0.135751
0.229515    -0.143303
0.236853    -0.134481
0.219857    -0.145949
0.220586    -0.148706
0.216806    -0.152877
0.221763    -0.134527
0.218836    -0.153388
0.2109    -0.149354
0.22559    -0.149249
0.220935    -0.152326
0.229493    -0.149519
0.235468    -0.143147
0.232936    -0.140148
0.234229    -0.143459
0.216318    -0.143841
0.213765    -0.142915
0.212441    -0.14405
0.223807    -0.147375
0.214595    -0.147922
0.231648    -0.146857
0.222226    -0.144604
0.228562    -0.145907
0.21667    -0.142619
0.218255    -0.145486
0.219059    -0.148455
0.225998    -0.147256
0.224986    -0.150996
0.2379    -0.145358
0.23503    -0.146084
0.218814    -0.143852
0.324689    -0.146354
0.335994    -0.146518
0.322137    -0.145674
0.329262    -0.141907
0.305702    -0.13943
0.326036    -0.141705
0.32388    -0.144139
0.326002    -0.144313
0.319795    -0.139908
0.335093    -0.140863
0.326752    -0.150184
0.312058    -0.151496
0.322297    -0.152721
0.319409    -0.150896
0.327953    -0.143435
0.323852    -0.142545
0.328828    -0.139389
0.34409    -0.152216
0.32236    -0.149691
0.331539    -0.141949
0.327257    -0.153576
0.323969    -0.151382
0.305806    -0.13493
0.31905    -0.148175
0.329239    -0.135009
0.330066    -0.143787
0.325173    -0.149672
0.338611    -0.14729
0.323483    -0.148215
0.336694    -0.14084
0.334848    -0.14914
0.328202    -0.148006
0.328371    -0.149457
0.328701    -0.156046
0.317081    -0.140563
0.320202    -0.144233
0.320912    -0.142256
0.313442    -0.145801
0.309616    -0.142383
0.336884    -0.164439
0.31963    -0.14708
0.309306    -0.171011
0.33091    -0.139728
0.341845    -0.145623
0.32317    -0.155444
0.336465    -0.14294
0.312696    -0.128001
0.31436    -0.149369
0.338869    -0.150466
0.315695    -0.153295
0.340224    -0.146058
0.332616    -0.147295
0.304188    -0.141552
0.336388    -0.166405
0.335227    -0.150482
0.309151    -0.152911
0.319672    -0.154643
0.305326    -0.148036
0.319642    -0.156926
0.334265    -0.161331
0.329446    -0.146496
0.330141    -0.151327
0.307678    -0.151462
0.360651    -0.116252
0.330028    -0.154766
0.366171    -0.115874
0.308524    -0.154658
0.369631    -0.118807
0.371348    -0.12111
0.361604    -0.114797
0.364628    -0.113068
0.367124    -0.118735
0.364719    -0.115992
0.363211    -0.118712
0.313567    -0.153356
0.367599    -0.115097
0.393057    -0.084265
0.369861    -0.121347
0.377197    -0.0818007
0.370908    -0.117171
0.383258    -0.0879627
0.392788    -0.0658124
0.391945    -0.0811121
0.392439    -0.0864774
0.389325    -0.0857785
0.391485    -0.0846806
0.39269    -0.0882915
0.387139    -0.0821214
0.385596    -0.0960869
0.389901    -0.0751937
0.384773    -0.0915783
0.386388    -0.0896071
0.386758    -0.0941379
0.394054    -0.0907363
0.414782    -0.0590704
0.381692    -0.102178
0.387964    -0.0983541
0.358551    -0.117133
0.395788    -0.0775884
0.390481    -0.0730696
0.371325    -0.10306
0.399775    -0.0796405
0.385545    -0.0805651
0.389295    -0.0829146
0.383308    -0.0911924
0.375188    -0.103132
0.391796    -0.0935941
0.398    -0.0766386
0.375364    -0.0979836
0.37894    -0.0966422
0.387663    -0.104902
0.358089    -0.111389
0.391028    -0.0907211
0.385666    -0.085081
0.385672    -0.0875236
0.390496    -0.100721
0.391981    -0.077912
0.393217    -0.0782042
0.389667    -0.0910329
0.388779    -0.0886068
0.392831    -0.0817618
0.381114    -0.0996475
0.396578    -0.0828939
0.452416    0.0183449
0.406877    -0.0787508
0.423069    -0.00964943
0.362199    -0.121181
0.423507    -0.00774364
0.352002    -0.118863
0.438688    -0.00359055
0.427788    0.0135883
0.435573    0.00306184
0.449586    0.00727638
0.431507    0.0069944
0.433077    -0.00662003
0.419363    -0.00731039
0.418685    -0.00569303
0.421755    -0.00223383
0.443731    0.00252124
0.431353    -0.0101156
0.423942    -0.0200048
0.413419    -0.00856942
0.434553    -0.00940333
0.412188    -0.018416
0.432618    -0.0120874
0.420363    0.000138957
0.424635    -0.0242761
0.400468    -0.0216331
0.406925    -0.0163372
0.44269    0.00657627
0.429595    -0.00107934
0.429711    -0.0131252
0.422369    -0.0175385
0.412913    -0.0210693
0.431447    -0.00154326
0.455352    -0.00267178
0.463456    0.00871074
0.410368    -0.00361992
0.436671    -0.00196969
0.452437    0.0103767
0.412036    -0.0163889
0.424049    -0.0051971
0.430912    -0.00506099
0.438272    0.0234138
0.423426    -0.000303472
0.416195    -0.0098242
0.427521    0.00113585
0.427305    -0.00709469
0.426488    -0.0043042
0.426125    -0.011473
0.446033    0.00998999
0.43866    0.0032059
0.349336    0.0146628
0.396528    -0.0219651
0.391323    -0.0428451
0.37585    0.0393385
0.363745    -0.0263288
0.37318    -0.03597
0.379991    -0.0275948
0.399599    -0.0415123
0.390903    -0.0333497
0.383323    -0.0305662
0.40743    -0.0417698
0.368368    -0.0315159
0.447483    -0.00631177
0.370394    -0.0566526
0.341352    -0.0162605
0.368197    -0.0557401
0.350504    -0.0141534
0.420296    -0.0329383
0.415035    -0.0353125
0.376499    -0.0516712
0.415546    -0.0440482
0.377356    -0.0326001
0.41002    -0.0336243
0.419406    -0.0385725
0.418864    -0.0285914
0.417336    -0.0319112
0.364107    -0.0302532
0.433868    -0.0158711
0.350282    -0.00625516
0.372261    -0.0274772
0.406792    -0.0368695
0.436509    -0.0164919
0.346987    -0.0210303
0.349356    -0.0192088
0.440137    0.0157235
0.431557    -0.0242321
0.358547    -0.0304449
0.362114    -0.0304277
0.357982    -0.0223069
0.440725    -0.0195917
0.401542    -0.0309774
0.38142    -0.0240709
0.439713    0.00137533
0.362305    -0.0365732
0.366679    -0.022623
0.398373    -0.0508904
0.425289    0.00951602
0.44057    0.0104542
0.36467    -0.0383588
0.394852    -0.0362695
0.372249    -0.0225952
0.45642    0.0130412
0.431497    -0.0185914
0.370721    -0.0195352
0.352602    -0.0138854
0.355798    -0.022988
0.369482    -0.026931
0.367643    -0.0199696
0.383982    -0.0370472
0.389204    -0.0366317
0.370415    -0.0345668
0.35223    -0.0318231
0.366273    -0.0327081
0.400983    -0.0378716
0.411409    -0.0355574
0.387503    -0.0299402
0.343389    -0.00463873
0.375859    -0.0291071
0.354882    -0.0337062
0.339008    2.26796e-05
0.434354    -0.020267
0.361077    -0.0244445
0.360219    -0.0278906
0.352382    0.0149376
0.385097    -0.0398899
0.462701    -0.0052895
0.352099    -0.0168707
0.362575    -0.0642388
