-0.289642    -0.228678
-0.266436    -0.250704
-0.337975    -0.218853
-0.338366    -0.202104
-0.227087    -0.17246
-0.375701    -0.210131
-0.297479    -0.213592
-0.400838    -0.180221
-0.227627    -0.17713
-0.244052    -0.239789
-0.385036    -0.197255
-0.270363    -0.208575
-0.307851    -0.230376
-0.335415    -0.226211
-0.403619    -0.159253
-0.299084    -0.246045
-0.284709    -0.214506
-0.302816    -0.26732
-0.191498    -0.120256
-0.476155    -0.167875
-0.290531    -0.23707
-0.284574    -0.226741
-0.347075    -0.205914
-0.262614    -0.217967
-0.329797    -0.163079
-0.333276    -0.21638
-0.258056    -0.253739
-0.224962    -0.178499
-0.389595    -0.175589
-0.284609    -0.245786
-0.293445    -0.274226
-0.195727    -0.12118
-0.41392    -0.135127
-0.336884    -0.139799
-0.402566    -0.183219
-0.304181    -0.229638
-0.459089    -0.101917
-0.231234    -0.202504
-0.436354    -0.0957093
-0.199614    -0.0841938
-0.24493    -0.23027
-0.227078    -0.193524
-0.471545    -0.151969
-0.322291    -0.226803
-0.314169    -0.225463
-0.286311    -0.240229
-0.380482    -0.182186
-0.26466    -0.221425
-0.477815    -0.140071
-0.278894    -0.23429
-0.335669    -0.213685
-0.265427    -0.246537
-0.355852    -0.231656
-0.274478    -0.24195
-0.291828    -0.227881
-0.351152    -0.124104
-0.303056    -0.220393
-0.343697    -0.255542
-0.282227    -0.236764
-0.30219    -0.236064
-0.449201    -0.130387
-0.222629    -0.251886
-0.229873    -0.180932
-0.329502    -0.227681
-0.292167    -0.215345
-0.290188    -0.248218
-0.230188    -0.225041
-0.277596    -0.238597
-0.228196    -0.157592
-0.253646    -0.243659
-0.33962    -0.22642
-0.304415    -0.251543
-0.313175    -0.234782
-0.230757    -0.207004
-0.235435    -0.225482
-0.367459    -0.177076
-0.296131    -0.22307
-0.251734    -0.278556
-0.459586    -0.154055
-0.250288    -0.220058
-0.310839    -0.216384
-0.297198    -0.239138
-0.454448    -0.112588
-0.232271    -0.148599
-0.328412    -0.219338
-0.272352    -0.256291
-0.341984    -0.202998
-0.31534    -0.241884
-0.310566    -0.223608
-0.240062    -0.216541
-0.291995    -0.250705
-0.295003    -0.216279
-0.379799    -0.213331
-0.410455    -0.159539
-0.308325    -0.20024
-0.410885    -0.162521
-0.340673    -0.248614
-0.304762    -0.245534
-0.276341    -0.213883
-0.271149    -0.241163
-0.313932    -0.219155
-0.316598    -0.192772
-0.326143    -0.231864
-0.382365    -0.210863
-0.32807    -0.243107
-0.288201    -0.254145
-0.319036    -0.234115
-0.327904    -0.224925
-0.342148    -0.196983
-0.335738    -0.186232
-0.324875    -0.189279
-0.447307    -0.106471
-0.305909    -0.241129
-0.262717    -0.247417
-0.387595    -0.180893
-0.3079    -0.242352
-0.392351    -0.169167
-0.313336    -0.206567
-0.304353    -0.226365
-0.286981    -0.234586
-0.322297    -0.192915
-0.362526    -0.187311
-0.280991    -0.206543
-0.387687    -0.0876111
-0.397025    -0.17471
-0.323595    -0.221097
-0.326749    -0.192516
-0.272091    -0.260153
-0.316087    -0.230644
-0.422128    -0.115625
-0.477121    -0.117216
-0.353085    -0.226403
-0.42846    -0.083373
-0.296498    -0.23057
-0.284738    -0.232224
-0.271739    -0.236073
-0.285006    -0.229147
-0.330745    -0.197199
-0.28825    -0.274783
-0.379692    -0.185274
-0.367295    -0.192281
-0.301255    -0.226447
-0.199615    -0.195918
-0.267404    -0.227507
-0.342949    -0.251972
-0.335123    -0.204236
-0.331307    -0.210057
-0.379981    -0.194303
-0.298852    -0.25753
-0.296715    -0.219959
-0.290085    -0.211581
-0.29295    -0.23851
-0.286869    -0.220769
-0.30977    -0.234608
-0.288842    -0.221796
-0.392442    -0.145877
-0.304583    -0.207006
-0.331243    -0.201266
-0.386954    -0.108174
-0.338419    -0.193523
-0.393918    -0.175484
-0.279756    -0.226085
-0.228743    -0.218709
-0.292349    -0.223702
-0.282153    -0.223955
-0.32006    -0.216803
-0.287196    -0.212846
-0.32175    -0.209069
-0.304042    -0.210524
-0.340011    -0.208427
-0.352959    -0.204895
-0.291881    -0.204735
-0.29882    -0.222183
-0.348945    -0.211142
-0.37129    -0.192508
-0.367986    -0.19642
-0.283964    -0.249851
-0.291868    -0.208521
-0.327123    -0.239368
-0.307014    -0.177653
-0.268662    -0.276518
-0.327519    -0.209198
-0.307634    -0.211264
-0.297487    -0.234599
-0.392509    -0.151475
-0.32817    -0.198607
-0.402908    -0.125832
-0.316593    -0.208713
-0.388954    -0.110607
-0.389501    -0.132688
-0.3983    -0.110078
-0.276248    -0.249333
-0.369685    -0.146919
-0.368361    -0.141817
-0.384844    -0.117035
-0.384765    -0.138904
-0.395424    -0.13776
-0.377325    -0.141334
-0.388079    -0.117056
-0.381134    -0.165872
-0.379333    -0.145533
-0.384126    -0.129042
-0.382679    -0.160184
-0.395341    -0.122525
-0.399802    -0.134946
-0.37714    -0.138806
-0.383007    -0.113075
-0.384573    -0.168138
-0.404471    -0.133155
-0.386743    -0.126818
-0.414506    -0.103695
-0.383397    -0.155059
-0.370744    -0.149732
-0.387039    -0.132218
-0.392867    -0.113162
-0.384938    -0.130553
-0.377709    -0.147348
-0.380457    -0.158826
-0.397615    -0.121463
-0.398822    -0.152825
-0.395128    -0.156218
-0.409826    -0.122649
-0.368672    -0.13133
-0.375913    -0.119942
-0.396785    -0.142486
-0.37527    -0.145404
-0.383065    -0.122424
-0.394804    -0.147595
-0.305377    -0.193129
-0.365619    -0.154311
-0.399873    -0.117573
-0.405418    -0.116424
-0.359447    -0.152622
-0.380565    -0.118617
-0.38948    -0.145883
-0.382087    -0.133232
-0.400788    -0.131182
-0.399615    -0.138349
-0.397644    -0.130221
-0.384171    -0.148646
-0.391681    -0.129797
-0.376878    -0.130071
-0.387049    -0.151283
-0.394144    -0.127847
-0.377125    -0.158338
-0.413061    -0.121301
-0.390453    -0.137324
-0.399951    -0.146508
-0.3147    -0.201711
-0.408394    -0.13378
-0.353193    -0.179251
-0.38181    -0.104973
-0.383719    -0.142154
-0.353305    -0.190311
-0.312215    -0.422677
-0.311409    -0.383955
-0.311154    -0.352691
-0.32197    -0.392051
-0.337177    -0.39535
-0.310469    -0.380928
-0.310969    -0.422049
-0.324349    -0.364177
-0.338589    -0.398729
-0.329051    -0.410112
-0.312437    -0.425628
-0.315348    -0.398139
-0.324298    -0.382912
-0.339505    -0.389283
-0.315991    -0.359443
-0.301679    -0.43354
-0.328864    -0.414477
-0.304067    -0.43056
-0.314975    -0.392476
-0.25699    -0.425829
-0.300797    -0.378882
-0.317235    -0.3954
-0.331264    -0.414195
-0.328092    -0.363607
-0.321672    -0.352587
-0.336684    -0.374375
-0.307189    -0.383431
-0.339377    -0.402047
-0.318193    -0.365618
-0.310525    -0.425717
-0.339624    -0.396256
-0.251803    -0.413169
-0.264409    -0.424495
-0.324654    -0.342316
-0.288317    -0.434727
-0.32025    -0.366689
-0.326028    -0.343991
-0.303227    -0.386403
-0.327226    -0.35866
-0.30248    -0.371025
-0.317216    -0.370164
-0.311888    -0.378893
-0.330091    -0.347822
-0.356167    -0.334107
-0.383467    -0.256299
-0.322031    -0.36719
-0.330114    -0.35072
-0.343338    -0.331198
-0.317866    -0.374431
-0.342467    -0.323432
-0.33784    -0.388233
-0.345161    -0.328415
-0.328721    -0.377796
-0.310742    -0.32839
-0.314182    -0.376547
-0.32682    -0.370883
-0.331241    -0.36922
-0.341559    -0.358246
-0.301308    -0.375285
-0.322358    -0.370175
-0.311423    -0.333755
-0.313678    -0.349681
-0.308645    -0.389033
-0.315595    -0.373121
-0.347182    -0.359046
-0.323386    -0.394005
-0.30197    -0.389527
-0.308422    -0.376292
-0.344856    -0.31403
-0.325623    -0.372636
-0.308815    -0.371772
-0.320678    -0.373988
-0.310654    -0.37808
-0.338175    -0.345217
-0.329273    -0.379862
-0.306444    -0.36668
-0.305407    -0.359234
-0.321428    -0.360972
-0.332561    -0.356783
-0.32367    -0.358044
-0.312288    -0.375658
-0.323842    -0.37895
-0.318385    -0.371792
-0.347687    -0.350101
-0.334972    -0.325147
-0.316221    -0.363585
-0.320144    -0.359584
-0.318735    -0.37716
-0.317942    -0.387279
-0.281294    -0.426066
-0.299676    -0.369828
-0.324272    -0.375893
-0.329888    -0.366705
-0.319508    -0.380811
-0.33314    -0.348076
-0.327465    -0.373719
-0.323137    -0.355352
-0.324708    -0.367848
-0.340049    -0.36662
-0.317234    -0.368184
-0.305243    -0.376098
-0.320088    -0.329263
-0.313544    -0.395466
-0.335393    -0.357058
-0.298521    -0.375283
-0.334751    -0.362843
-0.317774    -0.400548
-0.321809    -0.388627
-0.322479    -0.379883
-0.320929    -0.363957
-0.321217    -0.385437
-0.319566    -0.383639
-0.328292    -0.367647
-0.336664    -0.368161
-0.335091    -0.381391
-0.312739    -0.329982
-0.311604    -0.367948
-0.322244    -0.377512
-0.333933    -0.372893
-0.307864    -0.379774
-0.322523    -0.372419
-0.332974    -0.351637
-0.306873    -0.373561
-0.328419    -0.38302
-0.289691    -0.42483
-0.168504    -0.456371
-0.150848    -0.459585
-0.137102    -0.461865
-0.157617    -0.455834
-0.136591    -0.459876
-0.157748    -0.454246
-0.155081    -0.458993
-0.130348    -0.45896
-0.132896    -0.461991
-0.164385    -0.457524
-0.160276    -0.456619
-0.16745    -0.452357
-0.159642    -0.465573
-0.153882    -0.458852
-0.159993    -0.458107
-0.14182    -0.460769
-0.138038    -0.460123
-0.158478    -0.451853
-0.1619    -0.453066
-0.138648    -0.46301
-0.172728    -0.461764
-0.164295    -0.447887
-0.141542    -0.462322
-0.15158    -0.477715
-0.160826    -0.459561
-0.163355    -0.46451
-0.154659    -0.466335
-0.145176    -0.463368
-0.140157    -0.460195
-0.150122    -0.465083
-0.156076    -0.457309
-0.134189    -0.460539
-0.157906    -0.457746
-0.156296    -0.463426
-0.166379    -0.455276
-0.16192    -0.462649
-0.161517    -0.46107
-0.1605    -0.453688
-0.152861    -0.460383
-0.171055    -0.453881
-0.148604    -0.460558
-0.157323    -0.458882
-0.172817    -0.454731
-0.16179    -0.455563
-0.1612    -0.451236
-0.168744    -0.46696
-0.153695    -0.456546
-0.166561    -0.459492
-0.119878    -0.484495
-0.170988    -0.457819
-0.114329    -0.483366
-0.152056    -0.449186
-0.119194    -0.48966
-0.159291    -0.461767
-0.120482    -0.48809
-0.11555    -0.487764
-0.117317    -0.485717
-0.117886    -0.483818
-0.118732    -0.488072
-0.118337    -0.485788
-0.11695    -0.484494
-0.0920559    -0.494835
-0.117302    -0.487927
-0.12118    -0.484254
-0.121338    -0.486656
-0.124335    -0.481445
-0.0867825    -0.494354
-0.121764    -0.478634
-0.0925266    -0.493093
-0.0935119    -0.492178
-0.0902241    -0.493517
-0.0950795    -0.488569
-0.0872846    -0.494502
-0.0967487    -0.491017
-0.0865786    -0.493627
-0.0884516    -0.492173
-0.0865684    -0.492605
-0.0746549    -0.495958
-0.0941337    -0.493697
-0.0683931    -0.497879
-0.0909225    -0.49137
-0.0733855    -0.499105
-0.0730793    -0.495975
-0.0708209    -0.497868
-0.0753829    -0.495854
-0.0697428    -0.498471
-0.0617488    -0.49979
-0.0720281    -0.497871
-0.0619763    -0.499202
-0.0587028    -0.500866
-0.0590532    -0.502246
-0.060464    -0.500422
-0.0554009    -0.502517
-0.0597985    -0.499357
-0.049909    -0.503597
-0.0542778    -0.502568
-0.050888    -0.504161
-0.0518099    -0.503164
-0.0476037    -0.504516
-0.0465777    -0.504454
-0.0432217    -0.50522
-0.044194    -0.504835
-0.0406864    -0.505155
-0.0409034    -0.506242
-0.0384714    -0.506
-0.0370473    -0.506373
-0.0355344    -0.506606
-0.0340301    -0.506837
-0.0325115    -0.507044
-0.0309744    -0.507227
-0.0293969    -0.507376
-0.0274033    -0.507286
-0.0252074    -0.507816
-0.0236167    -0.508087
-0.0218415    -0.508233
-0.0189138    -0.50823
-0.017129    -0.510433
-0.0191489    -0.509508
-0.0200492    -0.510246
-0.018416    -0.509705
-0.0185296    -0.511428
-0.0270628    -0.508074
-0.0190403    -0.510254
-0.0130478    -0.510406
-0.00999314    -0.509668
-0.00801249    -0.509756
-0.00621819    -0.509859
-0.00448939    -0.509943
-0.00279313    -0.51001
-0.00111488    -0.510064
0.000553061    -0.510106
0.00221527    -0.510137
0.00387469    -0.510156
0.00553334    -0.510165
0.00719269    -0.510164
0.00885385    -0.510152
0.0105177    -0.51013
0.0121851    -0.510097
0.0138567    -0.510053
0.0155331    -0.509999
0.0172151    -0.509932
0.0189033    -0.509854
0.0205996    -0.509764
0.0223023    -0.509659
0.0240183    -0.509539
0.0257895    -0.509426
0.027341    -0.509111
0.0307119    -0.509014
0.0297354    -0.508722
0.0345001    -0.508242
0.0332788    -0.509043
0.0359554    -0.507747
0.0369095    -0.507271
0.0429242    -0.508424
0.0420008    -0.5082
0.0448897    -0.506818
0.045212    -0.506189
0.0477422    -0.506106
0.0531948    -0.505825
0.0468627    -0.507149
0.0573739    -0.505867
0.0521222    -0.506697
0.0599923    -0.504146
0.0593666    -0.505139
0.0650628    -0.500165
0.0570602    -0.504959
0.0636304    -0.503261
0.0628783    -0.502349
0.06368    -0.501111
0.0654223    -0.501627
0.084668    -0.505328
0.0845085    -0.50299
0.0837946    -0.505207
0.0805542    -0.499585
0.0845271    -0.499338
0.0844595    -0.500631
0.0830823    -0.500759
0.0983988    -0.498279
0.0817871    -0.49999
0.0951787    -0.494554
0.0816525    -0.502167
0.098456    -0.494866
0.0943914    -0.497058
0.097378    -0.496108
0.096395    -0.494896
0.109013    -0.49187
0.11026    -0.490972
0.0959266    -0.497874
0.111126    -0.493466
0.112543    -0.492647
0.142201    -0.488367
0.109902    -0.493686
0.141175    -0.490542
0.140061    -0.491673
0.143468    -0.490691
0.142817    -0.492105
0.142158    -0.495225
0.165672    -0.468956
0.144079    -0.489459
0.154323    -0.456464
0.163882    -0.468684
0.150871    -0.458863
0.152209    -0.457499
0.156574    -0.455018
0.135168    -0.460464
0.155796    -0.454125
0.134424    -0.462915
0.154068    -0.455279
0.147411    -0.474983
0.147185    -0.463536
0.146253    -0.474254
0.133778    -0.460634
0.152048    -0.466104
0.136374    -0.464894
0.163117    -0.458394
0.158676    -0.453095
0.160642    -0.450804
0.154737    -0.463852
0.153118    -0.453682
0.162219    -0.456732
0.14414    -0.468234
0.157674    -0.468956
0.153655    -0.469726
0.142125    -0.471448
0.152608    -0.473869
0.146985    -0.470303
0.144747    -0.47417
0.15232    -0.462234
0.141522    -0.470718
0.166629    -0.451304
0.149211    -0.456129
0.154028    -0.475844
0.14962    -0.467452
0.14644    -0.476261
0.144916    -0.470348
0.151085    -0.472559
0.150432    -0.470248
0.148137    -0.471269
0.152485    -0.47963
0.154714    -0.469204
0.151352    -0.46958
0.14952    -0.465321
0.144043    -0.471704
0.160823    -0.46922
0.153194    -0.463943
0.154777    -0.471559
0.318479    -0.376816
0.319034    -0.390375
0.32093    -0.356831
0.33669    -0.353206
0.317808    -0.364167
0.325974    -0.365236
0.324585    -0.360532
0.324092    -0.371276
0.322077    -0.365195
0.320184    -0.349719
0.322559    -0.372656
0.323112    -0.37513
0.325341    -0.369884
0.320287    -0.374638
0.31027    -0.393101
0.32797    -0.345041
0.328594    -0.363683
0.313507    -0.393023
0.331481    -0.379879
0.328734    -0.378402
0.319738    -0.354105
0.305909    -0.396322
0.327331    -0.371704
0.299245    -0.396206
0.318191    -0.360832
0.328843    -0.355033
0.32226    -0.359861
0.321912    -0.370712
0.305277    -0.394397
0.32769    -0.377306
0.331812    -0.373396
0.319857    -0.36832
0.322504    -0.379986
0.325729    -0.358605
0.329969    -0.367981
0.37053    -0.3731
0.368514    -0.399631
0.289889    -0.406208
0.321502    -0.345613
0.326658    -0.362619
0.326739    -0.381779
0.327725    -0.358955
0.316682    -0.353878
0.332962    -0.336344
0.318023    -0.357972
0.32667    -0.373551
0.287226    -0.402235
0.282896    -0.393665
0.371759    -0.408528
0.31893    -0.371982
0.320667    -0.361326
0.331374    -0.357362
0.301023    -0.398911
0.332843    -0.364598
0.334573    -0.388048
0.332426    -0.366894
0.315277    -0.371895
0.30259    -0.393486
0.365012    -0.354369
0.327666    -0.366564
0.271219    -0.38252
0.315044    -0.381232
0.362059    -0.35483
0.312698    -0.384119
0.325652    -0.399612
0.32615    -0.387946
0.30503    -0.406039
0.341579    -0.351496
0.276544    -0.356004
0.324036    -0.352084
0.297424    -0.412436
0.352516    -0.36547
0.336428    -0.358337
0.295811    -0.40648
0.323258    -0.394317
0.358965    -0.360461
0.323754    -0.399918
0.331543    -0.360668
0.319887    -0.399037
0.319414    -0.395242
0.368039    -0.371586
0.275591    -0.405424
0.337228    -0.375832
0.339855    -0.37489
0.311543    -0.406391
0.358318    -0.413338
0.324824    -0.389667
0.324796    -0.379542
0.322216    -0.392901
0.322021    -0.396552
0.317826    -0.394719
0.311223    -0.403507
0.349735    -0.348533
0.31425    -0.402654
0.346469    -0.374646
0.314579    -0.404042
0.302547    -0.408777
0.319346    -0.402053
0.32481    -0.394723
0.366647    -0.394625
0.359092    -0.379285
0.338029    -0.365125
0.322616    -0.367901
0.324663    -0.35574
0.319562    -0.397473
0.311797    -0.409011
0.287217    -0.409776
0.337581    -0.362764
0.316365    -0.400172
0.335703    -0.3727
0.334607    -0.353862
0.274871    -0.390563
0.334233    -0.379788
0.334138    -0.370558
0.287897    -0.412189
0.358158    -0.362578
0.332563    -0.382687
0.336614    -0.349098
0.269154    -0.36496
0.268336    -0.384289
0.307218    -0.40743
0.334627    -0.376355
0.306687    -0.411964
0.31452    -0.407825
0.330655    -0.386519
0.384166    -0.158617
0.391891    -0.146936
0.350374    -0.176821
0.360449    -0.125764
0.386445    -0.14244
0.377738    -0.121504
0.396135    -0.115432
0.368257    -0.144328
0.365799    -0.145625
0.369114    -0.13873
0.361957    -0.137372
0.385037    -0.125975
0.390594    -0.122307
0.387082    -0.126415
0.381379    -0.124322
0.368029    -0.150415
0.394303    -0.143385
0.384748    -0.120416
0.341351    -0.15473
0.380506    -0.0991933
0.394736    -0.125997
0.388452    -0.146625
0.406513    -0.113062
0.361569    -0.169874
0.381757    -0.144716
0.395493    -0.103328
0.388798    -0.128187
0.38096    -0.136455
0.374921    -0.146463
0.34005    -0.114759
0.371658    -0.151475
0.370099    -0.124286
0.374239    -0.141504
0.331487    -0.17536
0.371049    -0.146755
0.391241    -0.129844
0.373539    -0.121122
0.376726    -0.128839
0.370175    -0.166617
0.360148    -0.159711
0.364567    -0.133243
0.367116    -0.115692
0.361882    -0.182065
0.383929    -0.137802
0.377508    -0.142714
0.375031    -0.112935
0.318376    -0.185827
0.37506    -0.137487
0.379064    -0.106671
0.374812    -0.125566
0.328943    -0.166752
0.375563    -0.160359
0.385918    -0.153184
0.233487    -0.156948
0.411844    -0.117105
0.358748    -0.179824
0.367689    -0.171997
0.380752    -0.127436
0.320892    -0.152426
0.381758    -0.131215
0.388345    -0.131464
0.377995    -0.115635
0.368791    -0.155268
0.220067    -0.152786
0.370709    -0.132141
0.22196    -0.183909
0.38857    -0.140221
0.221233    -0.175809
0.219953    -0.181032
0.226208    -0.199598
0.217483    -0.179479
0.324009    -0.223868
0.224144    -0.179387
0.337041    -0.24239
0.384592    -0.135058
0.228106    -0.126914
0.319745    -0.244799
0.365451    -0.199301
0.333995    -0.22844
0.216961    -0.176335
0.309494    -0.236431
0.323439    -0.232519
0.320356    -0.236406
0.387159    -0.182782
0.309737    -0.233008
0.338948    -0.246204
0.285202    -0.24696
0.322695    -0.23809
0.327436    -0.240297
0.320979    -0.253941
0.321809    -0.227489
0.320237    -0.226021
0.314043    -0.237512
0.33302    -0.237312
0.204591    -0.231836
0.311083    -0.274976
0.351959    -0.213454
0.229025    -0.200522
0.336517    -0.226063
0.32871    -0.234388
0.220256    -0.186646
0.329803    -0.248411
0.305499    -0.239438
0.310989    -0.229126
0.319995    -0.219749
0.275139    -0.246051
0.302997    -0.236442
0.320592    -0.233218
0.405705    -0.161269
0.305813    -0.235362
0.336178    -0.24489
0.378348    -0.132558
0.302538    -0.233221
0.317077    -0.236576
0.258513    -0.266716
0.327442    -0.229834
0.32754    -0.232648
0.337237    -0.231114
0.316839    -0.229932
0.316973    -0.242601
0.315005    -0.240478
0.309673    -0.245695
0.3297    -0.224007
0.237441    -0.222649
0.292284    -0.292077
0.370533    -0.196115
0.368845    -0.200134
0.233891    -0.226743
0.252719    -0.230808
0.278801    -0.266301
0.349229    -0.218163
0.285719    -0.237835
0.314268    -0.235308
0.385768    -0.168859
0.272236    -0.240672
0.350913    -0.210618
0.379399    -0.185016
0.278693    -0.247037
0.255587    -0.269099
0.299643    -0.251141
0.280669    -0.252783
0.281845    -0.259557
0.381746    -0.191706
0.406524    -0.177536
0.269723    -0.262003
0.293664    -0.252206
0.250294    -0.261145
0.355502    -0.194825
0.287067    -0.250215
0.289306    -0.258537
0.395369    -0.197773
0.335406    -0.223634
0.243196    -0.229549
0.358654    -0.209364
0.384571    -0.173615
0.242053    -0.284513
0.214827    -0.263441
0.3151    -0.261057
0.274612    -0.237875
0.306507    -0.271446
0.276133    -0.255493
0.382217    -0.175499
0.330245    -0.237814
0.299113    -0.261519
0.281151    -0.237379
0.379897    -0.170464
0.302941    -0.25229
0.381417    -0.186819
0.28423    -0.27027
0.295663    -0.248074
0.28983    -0.232779
0.279611    -0.224816
0.442365    -0.16626
0.355903    -0.199206
0.240327    -0.255854
0.434331    -0.13281
0.380851    -0.151098
0.405444    -0.140302
0.365386    -0.191356
0.367894    -0.215997
0.317377    -0.217901
0.354363    -0.118409
0.268451    -0.26875
0.373682    -0.0838568
0.346587    -0.210409
0.239117    -0.098012
0.367463    -0.0949583
0.226559    -0.121759
0.394529    -0.138569
0.312048    -0.222746
0.282129    -0.225833
0.240856    -0.109152
0.270971    -0.265414
0.338301    -0.131217
0.279391    -0.2583
0.272193    -0.255846
0.315621    -0.256303
0.366782    -0.201682
0.331708    -0.186649
0.263203    -0.256039
0.458983    -0.129426
0.346658    -0.227764
0.248467    -0.250534
0.384124    -0.184885
0.372164    -0.0962552
0.327561    -0.219433
0.279959    -0.23995
0.251985    -0.246323
0.342637    -0.139257
0.366166    -0.13626
0.284702    -0.264448
0.262932    -0.266298
0.342492    -0.21447
0.231639    -0.215933
0.276772    -0.241357
0.334969    -0.205778
0.353404    -0.139944
0.348876    -0.242816
0.38394    -0.176736
0.284876    -0.253252
0.362504    -0.106232
0.314677    -0.26495
0.38698    -0.11252
0.277836    -0.27032
0.311319    -0.252576
0.242504    -0.236997
0.33381    -0.16486
0.33884    -0.175231
0.343967    -0.222226
0.341045    -0.232954
0.282888    -0.265159
0.402056    -0.124409
0.339526    -0.171597
0.290698    -0.264357
0.346538    -0.19054
0.317546    -0.274096
0.292805    -0.256122
0.37483    -0.174917
0.441957    -0.104153
0.370815    -0.177045
0.402163    -0.119864
0.452598    -0.152215
0.385261    -0.179249
0.366582    -0.177234
0.372704    -0.114774
0.446291    -0.168621
0.378243    -0.174359
0.192661    -0.131194
0.383319    -0.16293
0.228605    -0.135479
