-0.297996    -0.289037
-0.311025    -0.30891
-0.310553    -0.229107
-0.302129    -0.244208
-0.203047    -0.254799
-0.401439    -0.167525
-0.287884    -0.305974
-0.370655    -0.11774
-0.209115    -0.259492
-0.266117    -0.329498
-0.381523    -0.138373
-0.26297    -0.310464
-0.3003    -0.266828
-0.335698    -0.212918
-0.348244    -0.121796
-0.325937    -0.244508
-0.305551    -0.296822
-0.334972    -0.257648
-0.171814    -0.18762
-0.466525    -0.118214
-0.308643    -0.269095
-0.308316    -0.285239
-0.322427    -0.218523
-0.270582    -0.316836
-0.282659    -0.232096
-0.313173    -0.231169
-0.297211    -0.331119
-0.211946    -0.258275
-0.364282    -0.129464
-0.323783    -0.265424
-0.326357    -0.283983
-0.172207    -0.18391
-0.333358    -0.119295
-0.295065    -0.207521
-0.366033    -0.1226
-0.302985    -0.266249
-0.394387    -0.0772536
-0.219957    -0.290615
-0.366055    -0.0835412
-0.174689    -0.14142
-0.258831    -0.322813
-0.214385    -0.278119
-0.448226    -0.105083
-0.318669    -0.234811
-0.297057    -0.266477
-0.314229    -0.265186
-0.388467    -0.145147
-0.279178    -0.315811
-0.440931    -0.0970009
-0.315289    -0.280912
-0.309227    -0.236327
-0.299677    -0.324475
-0.373591    -0.198481
-0.312809    -0.281396
-0.301746    -0.290892
-0.311926    -0.194227
-0.291747    -0.29512
-0.363073    -0.220397
-0.31238    -0.269935
-0.303379    -0.26175
-0.408836    -0.0945755
-0.239142    -0.337307
-0.208286    -0.255969
-0.316403    -0.228559
-0.301204    -0.296352
-0.318334    -0.260388
-0.240237    -0.318799
-0.307451    -0.282634
-0.20401    -0.232648
-0.281186    -0.330359
-0.333067    -0.216524
-0.331301    -0.236027
-0.314509    -0.243799
-0.224765    -0.293845
-0.239997    -0.315341
-0.376449    -0.175023
-0.288645    -0.293661
-0.281064    -0.35369
-0.444355    -0.115761
-0.25185    -0.314179
-0.293429    -0.282931
-0.311537    -0.256316
-0.403238    -0.0795953
-0.204616    -0.220602
-0.312105    -0.238838
-0.317323    -0.300536
-0.294856    -0.242141
-0.333102    -0.227919
-0.297886    -0.27381
-0.235426    -0.306914
-0.312821    -0.262189
-0.29169    -0.302179
-0.392797    -0.158492
-0.343742    -0.128111
-0.279147    -0.293598
-0.35369    -0.114656
-0.365458    -0.222009
-0.322235    -0.242985
-0.285938    -0.311584
-0.308787    -0.306017
-0.291601    -0.276891
-0.277736    -0.281002
-0.326878    -0.22284
-0.397039    -0.161759
-0.341386    -0.220942
-0.321319    -0.256533
-0.325272    -0.228833
-0.320606    -0.228744
-0.291015    -0.247958
-0.284641    -0.256361
-0.283039    -0.270392
-0.390416    -0.0868917
-0.319478    -0.241979
-0.298824    -0.321629
-0.378218    -0.121584
-0.321782    -0.238919
-0.352566    -0.136187
-0.286907    -0.281735
-0.296771    -0.284649
-0.303717    -0.279928
-0.281866    -0.26687
-0.369699    -0.185754
-0.274475    -0.307706
-0.306687    -0.139657
-0.345687    -0.139322
-0.312319    -0.246914
-0.278933    -0.271574
-0.315655    -0.295288
-0.310673    -0.252749
-0.337445    -0.107459
-0.431492    -0.0797304
-0.364812    -0.203914
-0.352476    -0.0838924
-0.302232    -0.276331
-0.30841    -0.275889
-0.302792    -0.313719
-0.301256    -0.285735
-0.289434    -0.262213
-0.324558    -0.297696
-0.381518    -0.146678
-0.383805    -0.166781
-0.296661    -0.279452
-0.191312    -0.278064
-0.291723    -0.316357
-0.363403    -0.226828
-0.298495    -0.242473
-0.305881    -0.241946
-0.385392    -0.142105
-0.328958    -0.249256
-0.294959    -0.294823
-0.294187    -0.304845
-0.307144    -0.263544
-0.305994    -0.292682
-0.31829    -0.248102
-0.307535    -0.289721
-0.335622    -0.151838
-0.287722    -0.300599
-0.295917    -0.254579
-0.343348    -0.174839
-0.291306    -0.253405
-0.352933    -0.130811
-0.312023    -0.286294
-0.229372    -0.31215
-0.302441    -0.287686
-0.310923    -0.296115
-0.296787    -0.260034
-0.300493    -0.301994
-0.293267    -0.267575
-0.286084    -0.298192
-0.303222    -0.235094
-0.341675    -0.205318
-0.271533    -0.307861
-0.298308    -0.29613
-0.348378    -0.201113
-0.387325    -0.171586
-0.382863    -0.169837
-0.323343    -0.260642
-0.272167    -0.30449
-0.344563    -0.221899
-0.264921    -0.263788
-0.303819    -0.335966
-0.305837    -0.249215
-0.28368    -0.291865
-0.304845    -0.271086
-0.329617    -0.149505
-0.294144    -0.251685
-0.336174    -0.170865
-0.285495    -0.277478
-0.342568    -0.179123
-0.350579    -0.152326
-0.326236    -0.177661
-0.313319    -0.275909
-0.376748    -0.150123
-0.370416    -0.165556
-0.358647    -0.166465
-0.351553    -0.148298
-0.335692    -0.16042
-0.366166    -0.146216
-0.348927    -0.167629
-0.367138    -0.126682
-0.353381    -0.144243
-0.347439    -0.155898
-0.342575    -0.148123
-0.35265    -0.157481
-0.334918    -0.166951
-0.362434    -0.143313
-0.362629    -0.162799
-0.358603    -0.134507
-0.337143    -0.164354
-0.35757    -0.1524
-0.320115    -0.12326
-0.337803    -0.145985
-0.359116    -0.138393
-0.351135    -0.15508
-0.33848    -0.17871
-0.353486    -0.147299
-0.346882    -0.149853
-0.366991    -0.132173
-0.343092    -0.169887
-0.32677    -0.15469
-0.33071    -0.135214
-0.321162    -0.15211
-0.364225    -0.173199
-0.36118    -0.154725
-0.33141    -0.16324
-0.345476    -0.144992
-0.358429    -0.162534
-0.331843    -0.156378
-0.271428    -0.289442
-0.371098    -0.148465
-0.335352    -0.175972
-0.323914    -0.171678
-0.356996    -0.186215
-0.364159    -0.15603
-0.329539    -0.142805
-0.357565    -0.14352
-0.344495    -0.163881
-0.328056    -0.169086
-0.33932    -0.160451
-0.333623    -0.149441
-0.348881    -0.161254
-0.369    -0.151421
-0.326905    -0.148451
-0.353247    -0.161343
-0.372274    -0.127921
-0.318759    -0.142146
-0.338113    -0.156274
-0.326753    -0.16279
-0.282727    -0.285797
-0.320937    -0.135134
-0.319771    -0.214725
-0.348433    -0.171614
-0.34205    -0.154689
-0.328929    -0.209234
-0.393894    -0.406629
-0.361912    -0.390875
-0.365798    -0.375731
-0.3466    -0.396888
-0.339733    -0.357141
-0.364013    -0.382766
-0.395134    -0.403305
-0.355994    -0.382164
-0.336936    -0.374545
-0.368587    -0.353245
-0.397523    -0.405568
-0.350808    -0.392948
-0.341891    -0.407151
-0.332832    -0.393865
-0.3585    -0.362844
-0.382089    -0.439062
-0.366288    -0.356721
-0.385623    -0.439888
-0.338967    -0.38022
-0.309226    -0.471003
-0.346147    -0.386349
-0.345582    -0.39464
-0.370892    -0.351436
-0.350795    -0.379826
-0.354153    -0.377517
-0.322874    -0.393259
-0.359213    -0.397041
-0.35149    -0.347837
-0.365312    -0.390333
-0.392723    -0.40404
-0.33489    -0.370905
-0.296531    -0.464166
-0.31828    -0.465759
-0.37061    -0.38863
-0.362673    -0.457318
-0.3644    -0.394515
-0.375962    -0.392352
-0.349277    -0.38361
-0.379403    -0.386834
-0.368814    -0.370443
-0.36217    -0.379915
-0.360474    -0.388768
-0.366478    -0.388201
-0.355632    -0.30466
-0.401031    -0.216442
-0.349009    -0.391145
-0.371952    -0.402754
-0.340321    -0.318738
-0.368981    -0.381615
-0.337138    -0.327085
-0.329297    -0.38237
-0.336489    -0.330326
-0.353828    -0.380884
-0.3437    -0.417272
-0.364058    -0.396208
-0.358016    -0.388114
-0.365552    -0.378058
-0.330238    -0.398388
-0.347365    -0.38331
-0.36279    -0.388444
-0.348776    -0.414302
-0.381253    -0.407513
-0.341451    -0.373441
-0.363435    -0.402433
-0.33712    -0.339639
-0.35021    -0.400784
-0.34477    -0.372034
-0.3488    -0.394062
-0.344086    -0.303852
-0.355474    -0.371152
-0.35214    -0.371343
-0.359019    -0.38458
-0.343093    -0.39488
-0.334412    -0.396834
-0.370973    -0.392635
-0.374857    -0.372858
-0.381382    -0.385053
-0.352045    -0.36814
-0.367928    -0.400375
-0.355199    -0.379633
-0.341552    -0.389635
-0.35636    -0.372834
-0.361399    -0.385866
-0.334364    -0.348086
-0.326313    -0.354384
-0.359515    -0.392058
-0.35788    -0.39336
-0.375113    -0.380227
-0.33402    -0.392395
-0.347652    -0.462604
-0.387473    -0.400456
-0.37012    -0.377431
-0.359556    -0.381915
-0.37123    -0.394778
-0.375039    -0.396023
-0.383346    -0.387291
-0.370859    -0.374503
-0.351896    -0.3888
-0.331813    -0.396366
-0.358633    -0.404665
-0.347363    -0.380648
-0.323771    -0.401836
-0.342006    -0.364573
-0.351304    -0.409981
-0.366486    -0.366216
-0.355324    -0.407563
-0.362104    -0.398364
-0.368671    -0.391304
-0.357672    -0.378571
-0.355836    -0.393417
-0.369869    -0.378943
-0.365393    -0.399873
-0.354636    -0.383927
-0.349364    -0.410496
-0.327684    -0.396126
-0.329089    -0.411886
-0.348754    -0.374086
-0.359741    -0.377651
-0.347383    -0.406968
-0.343554    -0.391966
-0.355564    -0.390707
-0.362936    -0.407758
-0.353271    -0.365352
-0.344751    -0.409598
-0.358389    -0.454115
-0.173788    -0.505761
-0.175686    -0.497895
-0.165533    -0.514634
-0.171544    -0.49692
-0.160935    -0.518832
-0.176685    -0.499804
-0.184018    -0.500147
-0.142174    -0.522333
-0.156298    -0.519484
-0.178248    -0.507401
-0.178803    -0.501204
-0.179241    -0.506145
-0.173847    -0.492731
-0.173695    -0.501673
-0.178795    -0.494632
-0.155901    -0.522903
-0.160793    -0.521119
-0.177411    -0.497444
-0.185424    -0.505478
-0.16426    -0.514826
-0.178998    -0.486225
-0.166901    -0.510311
-0.156875    -0.520806
-0.193433    -0.507089
-0.178617    -0.497039
-0.168396    -0.496786
-0.177151    -0.491011
-0.186899    -0.502638
-0.159908    -0.520137
-0.178162    -0.492669
-0.182003    -0.498951
-0.158716    -0.518779
-0.182332    -0.501021
-0.171815    -0.49922
-0.181096    -0.507253
-0.174819    -0.503581
-0.17806    -0.504461
-0.180618    -0.500623
-0.177773    -0.501529
-0.175935    -0.508235
-0.188312    -0.503637
-0.181196    -0.497803
-0.170253    -0.505142
-0.183526    -0.508145
-0.18032    -0.498921
-0.188394    -0.486403
-0.181032    -0.492121
-0.16819    -0.503476
-0.139433    -0.535965
-0.166661    -0.497943
-0.147199    -0.540377
-0.159941    -0.514287
-0.143056    -0.53781
-0.171208    -0.502941
-0.146237    -0.538163
-0.142148    -0.536184
-0.14494    -0.534925
-0.142499    -0.533992
-0.139686    -0.533551
-0.141064    -0.536513
-0.140894    -0.534116
-0.103822    -0.540785
-0.144576    -0.536174
-0.143186    -0.533414
-0.145616    -0.533839
-0.135844    -0.537407
-0.105153    -0.54278
-0.137905    -0.539935
-0.103904    -0.539521
-0.105508    -0.542
-0.105336    -0.5446
-0.102995    -0.54676
-0.107479    -0.543943
-0.102523    -0.543697
-0.108839    -0.544466
-0.107636    -0.549247
-0.109397    -0.545938
-0.0808228    -0.549879
-0.10671    -0.545023
-0.0862662    -0.552457
-0.104237    -0.54977
-0.083186    -0.547905
-0.0852079    -0.551781
-0.0842898    -0.548074
-0.0816597    -0.550816
-0.0855815    -0.548498
-0.0699725    -0.553706
-0.083868    -0.550497
-0.0691331    -0.552646
-0.0706065    -0.5518
-0.067661    -0.553008
-0.0670502    -0.554297
-0.0645927    -0.556862
-0.0718016    -0.553124
-0.0608688    -0.557135
-0.0655052    -0.556111
-0.0590002    -0.55775
-0.0613482    -0.558291
-0.055219    -0.55912
-0.055768    -0.558391
-0.0507017    -0.558447
-0.0514844    -0.559348
-0.0485799    -0.56002
-0.047492    -0.559911
-0.0437238    -0.560398
-0.0450298    -0.560617
-0.0416021    -0.560879
-0.0400538    -0.561399
-0.0382073    -0.561583
-0.0363643    -0.561785
-0.0333745    -0.561862
-0.0314465    -0.562395
-0.0295868    -0.56267
-0.0273533    -0.562742
-0.0235242    -0.562927
-0.021646    -0.56599
-0.0251229    -0.566003
-0.0241888    -0.565368
-0.0234817    -0.565637
-0.0248694    -0.564583
-0.0243698    -0.564207
-0.0344798    -0.562269
-0.0226396    -0.565053
-0.0166523    -0.565823
-0.0125262    -0.564588
-0.0102195    -0.56473
-0.00814802    -0.564867
-0.00614917    -0.564964
-0.00418864    -0.565033
-0.00225009    -0.565083
-0.000324468    -0.565115
0.00159375    -0.565131
0.00350818    -0.565132
0.00542134    -0.56512
0.00733508    -0.565093
0.00925083    -0.565053
0.0111698    -0.564999
0.013093    -0.564931
0.0150214    -0.564849
0.0169559    -0.564752
0.0188981    -0.564641
0.0208474    -0.564512
0.022814    -0.56437
0.0247834    -0.5642
0.026723    -0.563956
0.0297616    -0.564102
0.0297675    -0.563198
0.0338142    -0.562408
0.0337803    -0.56372
0.0400579    -0.563129
0.0399416    -0.562191
0.0394658    -0.560298
0.0388774    -0.561909
0.0520474    -0.560427
0.0518724    -0.563124
0.0513231    -0.558896
0.0506403    -0.562887
0.0510529    -0.561071
0.0614128    -0.56039
0.0504467    -0.559247
0.0703192    -0.557169
0.0605342    -0.559854
0.0704299    -0.556154
0.0691825    -0.558707
0.0705532    -0.553382
0.0671567    -0.560289
0.0687683    -0.554225
0.0690573    -0.552827
0.0705765    -0.551895
0.0691529    -0.555678
0.0992369    -0.552097
0.0928306    -0.55434
0.103971    -0.552422
0.094928    -0.554411
0.0938503    -0.55711
0.0955893    -0.555401
0.0957805    -0.556712
0.108075    -0.546601
0.0993238    -0.554702
0.1102    -0.546785
0.0971804    -0.553557
0.111779    -0.546906
0.109576    -0.544834
0.106877    -0.549479
0.111144    -0.544895
0.125892    -0.541097
0.128691    -0.540884
0.1106    -0.548503
0.129438    -0.543447
0.127847    -0.542405
0.178296    -0.529031
0.127176    -0.543851
0.181474    -0.526682
0.179405    -0.530898
0.181615    -0.531168
0.18247    -0.532613
0.181005    -0.532768
0.170092    -0.495439
0.179719    -0.527786
0.156221    -0.517393
0.168384    -0.495457
0.171963    -0.510651
0.169099    -0.515939
0.15505    -0.518202
0.150566    -0.528621
0.168064    -0.519865
0.156595    -0.527564
0.160247    -0.519
0.16612    -0.510079
0.176729    -0.521432
0.16951    -0.502225
0.149378    -0.527836
0.171048    -0.508525
0.160085    -0.526059
0.15959    -0.499215
0.153358    -0.511454
0.15274    -0.506242
0.165843    -0.520544
0.171916    -0.518871
0.158059    -0.505188
0.1778    -0.518968
0.165329    -0.517405
0.168696    -0.512963
0.168082    -0.506827
0.163016    -0.515958
0.172557    -0.506713
0.164152    -0.511098
0.171742    -0.512585
0.176837    -0.50925
0.161765    -0.493493
0.172378    -0.516507
0.162369    -0.503911
0.173496    -0.50568
0.16538    -0.513738
0.177163    -0.513845
0.161696    -0.51351
0.166836    -0.514821
0.165298    -0.508942
0.168419    -0.501305
0.168029    -0.509704
0.16825    -0.510989
0.175537    -0.514615
0.170368    -0.506133
0.161687    -0.507233
0.168541    -0.517573
0.160746    -0.517891
0.35482    -0.394775
0.357369    -0.367979
0.338475    -0.402064
0.36669    -0.393792
0.351515    -0.404587
0.353537    -0.393425
0.346757    -0.399447
0.349494    -0.393894
0.357584    -0.398474
0.344124    -0.390301
0.355655    -0.382734
0.346989    -0.389561
0.35422    -0.401064
0.360167    -0.409313
0.386032    -0.386607
0.366494    -0.389714
0.348509    -0.396821
0.373533    -0.371063
0.365418    -0.401204
0.359049    -0.384336
0.347179    -0.37973
0.385006    -0.400836
0.351828    -0.396901
0.384232    -0.41989
0.345161    -0.402822
0.351307    -0.38005
0.350634    -0.400231
0.356132    -0.390324
0.383528    -0.425577
0.365479    -0.403217
0.36212    -0.38098
0.358036    -0.394751
0.367171    -0.4058
0.350869    -0.402927
0.367192    -0.378812
0.365371    -0.326293
0.383605    -0.342444
0.372141    -0.440607
0.372781    -0.392466
0.347841    -0.391527
0.354424    -0.416441
0.351871    -0.386301
0.342684    -0.400213
0.321705    -0.401665
0.334679    -0.395391
0.35429    -0.384276
0.36199    -0.448729
0.347193    -0.446954
0.397113    -0.350274
0.36232    -0.396093
0.355251    -0.397053
0.358877    -0.378096
0.383068    -0.413543
0.353758    -0.377796
0.331024    -0.402244
0.374362    -0.382124
0.345625    -0.376775
0.385915    -0.417202
0.34593    -0.340663
0.358224    -0.37564
0.320301    -0.450871
0.364818    -0.369383
0.341924    -0.337454
0.386875    -0.383471
0.355615    -0.412761
0.35169    -0.416744
0.384335    -0.377871
0.328747    -0.40507
0.312274    -0.431361
0.34907    -0.385317
0.389351    -0.399094
0.335012    -0.358178
0.361417    -0.38785
0.386472    -0.40868
0.358849    -0.402612
0.346941    -0.334903
0.355929    -0.41041
0.364545    -0.377307
0.332234    -0.389551
0.335155    -0.381341
0.362982    -0.328455
0.34557    -0.455991
0.361073    -0.391594
0.365768    -0.407402
0.342739    -0.396588
0.394509    -0.357475
0.350373    -0.40608
0.363892    -0.402585
0.342968    -0.383792
0.339865    -0.404759
0.35556    -0.366532
0.359445    -0.362785
0.324935    -0.369746
0.353607    -0.371495
0.327821    -0.378799
0.358379    -0.365395
0.383169    -0.380635
0.343354    -0.403108
0.355682    -0.402856
0.375029    -0.345459
0.360827    -0.337951
0.370623    -0.407271
0.353573    -0.388393
0.344868    -0.395224
0.360002    -0.399858
0.341857    -0.387413
0.374979    -0.435503
0.361775    -0.39294
0.341021    -0.392417
0.353013    -0.39097
0.368702    -0.381644
0.334383    -0.449393
0.367812    -0.398172
0.352044    -0.383436
0.371471    -0.443874
0.343599    -0.340142
0.360257    -0.412629
0.359051    -0.389194
0.3109    -0.438462
0.321301    -0.447569
0.380294    -0.38052
0.365418    -0.397366
0.371324    -0.367437
0.341753    -0.379964
0.343922    -0.407562
0.318136    -0.133531
0.311659    -0.149736
0.339481    -0.206948
0.35038    -0.174661
0.312744    -0.147703
0.350904    -0.156904
0.307277    -0.162674
0.34954    -0.144294
0.343256    -0.147626
0.346778    -0.148611
0.354485    -0.151305
0.338945    -0.162487
0.339332    -0.172514
0.334636    -0.163843
0.346276    -0.161288
0.353512    -0.142038
0.314268    -0.155182
0.340211    -0.169997
0.318973    -0.21239
0.298836    -0.160253
0.319355    -0.169547
0.3114    -0.133345
0.30951    -0.124301
0.364109    -0.178086
0.314329    -0.144878
0.302321    -0.141379
0.335874    -0.173438
0.317867    -0.159773
0.320369    -0.156325
0.301713    -0.194725
0.327843    -0.15348
0.349644    -0.152218
0.325568    -0.158658
0.309738    -0.233556
0.346011    -0.153475
0.329773    -0.167566
0.346611    -0.158044
0.32855    -0.161661
0.366805    -0.157327
0.361467    -0.180896
0.358199    -0.161337
0.346509    -0.166824
0.37292    -0.16787
0.322791    -0.163034
0.31829    -0.154192
0.345249    -0.171219
0.292473    -0.260543
0.333281    -0.155435
0.32536    -0.175596
0.335468    -0.159212
0.304995    -0.239243
0.337216    -0.153153
0.314498    -0.135171
0.211069    -0.225363
0.327448    -0.103167
0.368566    -0.177027
0.371261    -0.161951
0.328666    -0.157997
0.291237    -0.228464
0.331873    -0.164808
0.316997    -0.169473
0.33637    -0.181413
0.342908    -0.152027
0.198847    -0.224391
0.342334    -0.15989
0.20342    -0.251857
0.326101    -0.168285
0.200705    -0.256904
0.205587    -0.257106
0.218863    -0.276228
0.206886    -0.255005
0.308137    -0.283961
0.199846    -0.252192
0.350971    -0.220587
0.336365    -0.167328
0.203476    -0.191214
0.322701    -0.241045
0.370315    -0.150257
0.310455    -0.272079
0.20658    -0.259773
0.327334    -0.262469
0.320212    -0.26599
0.315612    -0.262479
0.326017    -0.14418
0.309949    -0.290345
0.349364    -0.223718
0.284282    -0.323359
0.316129    -0.267322
0.338542    -0.230731
0.339384    -0.235874
0.30856    -0.286601
0.320688    -0.2738
0.316645    -0.255206
0.323869    -0.243256
0.204771    -0.313082
0.340895    -0.265606
0.350603    -0.208407
0.215936    -0.277181
0.3114    -0.276925
0.319441    -0.26165
0.21048    -0.254479
0.356147    -0.217217
0.323987    -0.259415
0.312276    -0.290136
0.296155    -0.299689
0.294367    -0.322928
0.316176    -0.282329
0.31855    -0.258572
0.343434    -0.120124
0.320794    -0.27889
0.352693    -0.214374
0.324335    -0.164786
0.295861    -0.308461
0.318714    -0.253614
0.288906    -0.347195
0.315356    -0.277436
0.317305    -0.270067
0.313786    -0.257458
0.323793    -0.267075
0.314244    -0.268635
0.313709    -0.264908
0.329926    -0.25212
0.302512    -0.285931
0.229182    -0.305456
0.317249    -0.325519
0.373664    -0.150103
0.367548    -0.152726
0.232832    -0.313782
0.246287    -0.313978
0.316234    -0.30123
0.355125    -0.197901
0.274305    -0.318388
0.321442    -0.259574
0.324529    -0.149518
0.289856    -0.326706
0.344561    -0.216342
0.367011    -0.128157
0.287817    -0.323756
0.289071    -0.343178
0.325079    -0.27493
0.294236    -0.319737
0.300041    -0.314441
0.350103    -0.135853
0.360747    -0.121069
0.306248    -0.323206
0.306896    -0.30357
0.272245    -0.346399
0.352232    -0.201181
0.281415    -0.320477
0.304129    -0.30202
0.384607    -0.132172
0.320085    -0.269007
0.238481    -0.313465
0.377343    -0.175477
0.359393    -0.132367
0.266599    -0.362948
0.225552    -0.344902
0.334328    -0.248422
0.284142    -0.330589
0.3395    -0.273158
0.299744    -0.320342
0.338701    -0.144922
0.321459    -0.246214
0.331338    -0.270344
0.279413    -0.326483
0.353435    -0.132625
0.3294    -0.260943
0.347309    -0.134783
0.317852    -0.290293
0.296725    -0.312388
0.271878    -0.311202
0.263869    -0.310427
0.424811    -0.117234
0.368098    -0.18579
0.256474    -0.34429
0.3812    -0.098303
0.318291    -0.141453
0.329014    -0.112508
0.379639    -0.159067
0.386733    -0.162964
0.299361    -0.294019
0.328739    -0.190614
0.304893    -0.316897
0.292928    -0.13426
0.328703    -0.233152
0.207349    -0.158549
0.308389    -0.173915
0.198721    -0.18922
0.315162    -0.163875
0.300686    -0.298137
0.263501    -0.313541
0.21159    -0.170697
0.30367    -0.32211
0.308757    -0.206639
0.310441    -0.306316
0.299967    -0.328846
0.327633    -0.249166
0.374861    -0.154858
0.310595    -0.242813
0.284164    -0.340573
0.415316    -0.0918125
0.353723    -0.206307
0.261921    -0.337568
0.333886    -0.143711
0.30199    -0.168481
0.297543    -0.291481
0.278713    -0.329405
0.257293    -0.334747
0.319945    -0.203671
0.360489    -0.163145
0.308959    -0.308465
0.294142    -0.336986
0.318082    -0.244213
0.222871    -0.298256
0.276088    -0.329102
0.304824    -0.26606
0.349635    -0.184926
0.363603    -0.203368
0.343805    -0.142211
0.289611    -0.318385
0.319189    -0.186097
0.339436    -0.24423
0.320977    -0.176296
0.312522    -0.300191
0.339036    -0.247782
0.246099    -0.323841
0.303311    -0.23251
0.321118    -0.218526
0.333073    -0.229234
0.338158    -0.224873
0.30822    -0.300452
0.312095    -0.118458
0.316234    -0.225117
0.315031    -0.288807
0.33304    -0.219109
0.34501    -0.254775
0.303108    -0.306201
0.357887    -0.134796
0.384073    -0.0802777
0.365341    -0.137679
0.307493    -0.139296
0.415814    -0.10847
0.351243    -0.138098
0.363307    -0.155577
0.34534    -0.174577
0.42201    -0.121414
0.33667    -0.141151
0.173304    -0.198618
0.329753    -0.146682
0.205948    -0.201897
