-0.418571    -0.0232747
-0.429918    0.0111847
-0.434225    0.0145229
-0.425283    0.0123603
-0.432724    0.0185202
-0.446208    0.0300238
-0.441435    0.0233005
-0.448255    0.0102913
-0.442379    0.000427987
-0.437099    -0.00470348
-0.438726    0.018921
-0.432439    0.00731804
-0.450406    0.0127982
-0.441134    0.00213413
-0.430717    0.0203158
-0.435339    0.0229945
-0.444469    0.0143944
-0.398134    0.0213775
-0.40634    -0.00249216
-0.462363    0.0143511
-0.428119    -0.0079942
-0.438694    0.0154042
-0.429711    0.0131324
-0.441564    0.0120486
-0.458873    0.0379265
-0.423269    0.00593229
-0.426681    0.01914
-0.434716    0.0163857
-0.447187    0.0290613
-0.39202    0.0127219
-0.436142    -0.00311085
-0.398115    -0.00323098
-0.432061    -0.00545598
-0.429061    -0.0152381
-0.411988    -0.0141716
-0.423969    -0.00857384
-0.455424    0.0185833
-0.425176    0.00383528
-0.434197    0.0628048
-0.395016    0.00316313
-0.433447    0.000891282
-0.441681    0.0167073
-0.463765    0.0225153
-0.437818    0.0234237
-0.420688    0.0126615
-0.4184    0.0426217
-0.436513    0.022109
-0.416169    -0.00752188
-0.461457    0.0327167
-0.427295    0.0235897
-0.432948    0.02866
-0.445957    0.0171363
-0.434347    0.0283277
-0.444188    0.0131658
-0.42972    0.00494388
-0.455752    0.0356398
-0.423993    -0.0648743
-0.414891    0.0435535
-0.409584    -0.00877018
-0.416145    0.0482621
-0.481676    0.0161594
-0.442983    0.00863341
-0.412297    -0.00573607
-0.437053    0.00300525
-0.417148    0.00259413
-0.438361    0.00501669
-0.431604    0.0107289
-0.423791    0.00775365
-0.415738    0.0180057
-0.427691    0.00739437
-0.414864    -0.00459371
-0.437238    0.0121801
-0.408445    -0.00614078
-0.433675    0.00306248
-0.400986    -0.00419952
-0.45608    0.033991
-0.433979    0.0101283
-0.44851    0.0342692
-0.482474    0.0128754
-0.487381    0.0176534
-0.436018    0.00639431
-0.419099    -0.00483509
-0.486433    0.0142281
-0.404452    -0.00524534
-0.429425    0.0288038
-0.419533    0.0191116
-0.426891    0.000611665
-0.449396    0.0370645
-0.437155    -0.0453031
-0.433597    -0.0458764
-0.426204    -0.0528305
-0.42662    -0.050409
-0.424321    -0.0453132
-0.427822    -0.0451555
-0.420842    -0.0504564
-0.430216    -0.0475147
-0.430791    -0.0340086
-0.425555    -0.0444678
-0.421871    -0.0425203
-0.431191    -0.0303359
-0.438049    -0.0282579
-0.425044    -0.0398716
-0.427664    -0.0552854
-0.432837    -0.0359768
-0.433659    -0.031525
-0.431391    -0.0541709
-0.435668    -0.0482831
-0.42424    -0.0422882
-0.435501    -0.0238389
-0.424063    -0.0553186
-0.435418    -0.0390213
-0.454846    -0.0306493
-0.423575    -0.0499677
-0.432088    -0.0490775
-0.426436    -0.0327485
-0.427468    -0.0589106
-0.419695    -0.0429431
-0.429586    -0.0396755
-0.42536    -0.0593662
-0.433767    -0.0220524
-0.430162    -0.0373152
-0.43069    -0.0437139
-0.433323    -0.0406001
-0.449708    -0.0261499
-0.360617    -0.0500942
-0.429463    -0.0298223
-0.432473    -0.0561593
-0.430146    -0.0570713
-0.428923    -0.0419472
-0.441849    -0.0194415
-0.446912    -0.0279368
-0.434299    -0.0437129
-0.439602    -0.0534237
-0.364788    -0.0494193
-0.361282    -0.0513092
-0.35614    -0.0495977
-0.359558    -0.054539
-0.352477    -0.0422219
-0.348001    -0.0475976
-0.35138    -0.0559676
-0.358601    -0.0515607
-0.348707    -0.052099
-0.368894    -0.0510492
-0.356404    -0.0521235
-0.353442    -0.0524975
-0.362263    -0.0478269
-0.352562    -0.0501536
-0.344271    -0.0506556
-0.353411    -0.0548241
-0.356031    -0.0485712
-0.326045    -0.0612278
-0.356891    -0.0542648
-0.352795    -0.0484007
-0.35949    -0.0458824
-0.333993    -0.0610843
-0.349958    -0.049004
-0.329859    -0.058692
-0.35802    -0.0474138
-0.321303    -0.0594179
-0.340892    -0.0597532
-0.343736    -0.0577474
-0.337626    -0.0600994
-0.335418    -0.0603611
-0.33458    -0.0573904
-0.3322    -0.0626174
-0.330855    -0.0615526
-0.334186    -0.0626236
-0.340752    -0.0583404
-0.335234    -0.0585807
-0.319188    -0.0636299
-0.332565    -0.0598678
-0.319583    -0.066843
-0.337094    -0.0584685
-0.315272    -0.0669964
-0.332282    -0.0615109
-0.323681    -0.0642575
-0.343018    -0.0635204
-0.317443    -0.0677706
-0.318071    -0.0654353
-0.307433    -0.0647457
-0.31961    -0.0694314
-0.323965    -0.0656311
-0.314541    -0.0684102
-0.312465    -0.0670492
-0.295934    -0.0717731
-0.319787    -0.065217
-0.293972    -0.0692789
-0.321486    -0.0653147
-0.296875    -0.0705019
-0.304547    -0.0645137
-0.294474    -0.0680429
-0.321557    -0.066962
-0.299183    -0.0670934
-0.299968    -0.0693747
-0.296856    -0.0676051
-0.294524    -0.0669241
-0.297768    -0.0659178
-0.298722    -0.0719781
-0.299803    -0.0654221
-0.274433    -0.0668767
-0.30041    -0.0674503
-0.269019    -0.0796595
-0.297679    -0.0690534
-0.272259    -0.0738136
-0.270631    -0.0726691
-0.275882    -0.0674437
-0.272591    -0.0670997
-0.26735    -0.0838169
-0.270429    -0.0757413
-0.264982    -0.0834414
-0.267774    -0.0799048
-0.275839    -0.091774
-0.271735    -0.0719784
-0.275774    -0.0905429
-0.282992    -0.0886665
-0.27616    -0.0897412
-0.281633    -0.0892996
-0.283157    -0.084775
-0.286225    -0.0890606
-0.281975    -0.0877549
-0.28559    -0.0860435
-0.279948    -0.0879246
-0.283476    -0.0870758
-0.287163    -0.0842153
-0.288383    -0.0831222
-0.282994    -0.0811344
-0.285221    -0.0813404
-0.289702    -0.0856773
-0.278713    -0.0763556
-0.276035    -0.0752485
-0.283509    -0.0826659
-0.280946    -0.0773455
-0.277283    -0.0771955
-0.28277    -0.0860533
-0.281878    -0.0802288
-0.273803    -0.0784597
-0.272907    -0.0840021
-0.271896    -0.0828567
-0.273608    -0.0762359
-0.273824    -0.0887123
-0.275059    -0.0798789
-0.272373    -0.0818573
-0.272596    -0.0858673
-0.268468    -0.0874911
-0.275648    -0.0821
-0.276209    -0.0855737
-0.278035    -0.0883164
-0.274395    -0.0915374
-0.276647    -0.0793871
-0.277034    -0.0838739
-0.27341    -0.068657
-0.26698    -0.088752
-0.273083    -0.0871469
-0.280021    -0.078667
-0.229348    -0.0691063
-0.228758    -0.071823
-0.226481    -0.0666339
-0.227318    -0.0676833
-0.231685    -0.0720045
-0.228441    -0.0677804
-0.230539    -0.0703005
-0.232915    -0.0690779
-0.225519    -0.071436
-0.216316    -0.0722802
-0.227337    -0.0701931
-0.229657    -0.0671533
-0.232374    -0.0701201
-0.2138    -0.0744876
-0.234434    -0.073231
-0.221475    -0.0733503
-0.223579    -0.0733775
-0.210401    -0.0753164
-0.22782    -0.07423
-0.217753    -0.0735226
-0.216208    -0.0743072
-0.216999    -0.0727807
-0.209604    -0.0774862
-0.218301    -0.0746978
-0.206793    -0.0779498
-0.214439    -0.075306
-0.211595    -0.0768774
-0.208968    -0.0795808
-0.208782    -0.0772381
-0.204113    -0.0779875
-0.212423    -0.0764315
-0.201593    -0.0777675
-0.214875    -0.0767062
-0.199475    -0.0777307
-0.211236    -0.0779537
-0.197411    -0.0777075
-0.209438    -0.0792075
-0.19645    -0.0784893
-0.205253    -0.0789323
-0.194605    -0.077824
-0.203074    -0.079031
-0.193266    -0.078063
-0.200417    -0.0788333
-0.190306    -0.0769099
-0.198463    -0.0792873
-0.187786    -0.0779554
-0.188867    -0.0777443
-0.192258    -0.078904
-0.185801    -0.0788093
-0.187365    -0.0792403
-0.189626    -0.0790214
-0.182564    -0.0779466
-0.188206    -0.0801025
-0.183179    -0.0785333
-0.180646    -0.0789249
-0.180344    -0.0801063
-0.182868    -0.0797724
-0.177808    -0.0790358
-0.182078    -0.0804693
-0.175768    -0.0786386
-0.178856    -0.0802023
-0.174885    -0.0793629
-0.173174    -0.0793082
-0.174803    -0.0804646
-0.171142    -0.0796031
-0.172796    -0.0804507
-0.1693    -0.0799178
-0.171731    -0.0808177
-0.167437    -0.0799492
-0.170308    -0.0811572
-0.16559    -0.0798795
-0.168188    -0.0811498
-0.163775    -0.0799354
-0.165475    -0.0811363
-0.161981    -0.0800397
-0.163063    -0.0810681
-0.160108    -0.0800722
-0.160859    -0.0811237
-0.15846    -0.0801587
-0.157857    -0.0808206
-0.156717    -0.0805354
-0.155777    -0.0807193
-0.154668    -0.0806548
-0.153827    -0.0809578
-0.152617    -0.0807354
-0.151763    -0.081072
-0.150596    -0.0809117
-0.149594    -0.0810938
-0.148474    -0.0810967
-0.147339    -0.0811638
-0.146156    -0.0812339
-0.144817    -0.0812667
-0.143263    -0.0814521
-0.141816    -0.081781
-0.140412    -0.082128
-0.13895    -0.0825218
-0.137448    -0.0830474
-0.135965    -0.083756
-0.134559    -0.0846617
-0.133211    -0.0858332
-0.132404    -0.0875528
-0.132856    -0.0892389
-0.133304    -0.0911121
-0.133589    -0.0912999
-0.13493    -0.0922898
-0.136696    -0.0921957
-0.138513    -0.092689
-0.139812    -0.0916842
-0.140593    -0.09035
-0.141674    -0.0887715
-0.140382    -0.0876966
-0.140687    -0.0893015
-0.139053    -0.0913535
-0.137835    -0.0871113
-0.141492    -0.0855423
-0.136145    -0.0878533
-0.136696    -0.0893809
-0.138949    -0.0863418
-0.137843    -0.0863241
-0.134315    -0.0896395
-0.137323    -0.0910542
-0.144103    -0.0824897
-0.138143    -0.0893641
-0.134375    -0.0875405
-0.125979    -0.0908328
-0.114408    -0.0788376
-0.112015    -0.0800131
-0.112959    -0.08126
-0.111951    -0.0815146
-0.111374    -0.0810035
-0.113418    -0.0812335
-0.110311    -0.082478
-0.108598    -0.0822594
-0.107523    -0.0825392
-0.106552    -0.0827713
-0.105611    -0.0829627
-0.104677    -0.0831226
-0.103743    -0.0832606
-0.102807    -0.0833828
-0.101869    -0.0834932
-0.10093    -0.0835945
-0.0999897    -0.0836884
-0.0990485    -0.0837764
-0.0981065    -0.0838595
-0.0971638    -0.0839383
-0.0962206    -0.0840136
-0.0952769    -0.0840857
-0.0943328    -0.0841552
-0.0933884    -0.0842223
-0.0924437    -0.0842874
-0.0914988    -0.0843506
-0.0905537    -0.0844121
-0.0896084    -0.0844721
-0.088663    -0.0845308
-0.0877174    -0.0845883
-0.0867717    -0.0846447
-0.0858259    -0.0847
-0.0848801    -0.0847544
-0.0839341    -0.084808
-0.082988    -0.0848607
-0.0820419    -0.0849128
-0.0810957    -0.0849641
-0.0801495    -0.0850148
-0.0792032    -0.085065
-0.0782568    -0.0851145
-0.0773104    -0.0851636
-0.076364    -0.0852121
-0.0754175    -0.0852602
-0.0744709    -0.0853079
-0.0735244    -0.0853552
-0.0725777    -0.085402
-0.0716311    -0.0854485
-0.0706843    -0.0854946
-0.0697376    -0.0855404
-0.0687908    -0.0855859
-0.067844    -0.0856311
-0.0668971    -0.0856759
-0.0659502    -0.0857205
-0.0650033    -0.0857648
-0.0640563    -0.0858089
-0.0631093    -0.0858527
-0.0621622    -0.0858963
-0.0612151    -0.0859396
-0.060268    -0.0859827
-0.0593208    -0.0860256
-0.0583736    -0.0860683
-0.0574263    -0.0861107
-0.0564791    -0.086153
-0.0555317    -0.0861951
-0.0545844    -0.086237
-0.053637    -0.0862787
-0.0526895    -0.0863202
-0.0517421    -0.0863615
-0.0507945    -0.0864027
-0.049847    -0.0864437
-0.0488994    -0.0864846
-0.0479518    -0.0865253
-0.0470041    -0.0865658
-0.0460564    -0.0866062
-0.0451086    -0.0866465
-0.0441608    -0.0866866
-0.043213    -0.0867265
-0.0422651    -0.0867664
-0.0413172    -0.086806
-0.0403693    -0.0868456
-0.0394213    -0.086885
-0.0384732    -0.0869243
-0.0375252    -0.0869634
-0.0365771    -0.0870024
-0.0356289    -0.0870413
-0.0346807    -0.0870801
-0.0337325    -0.0871188
-0.0327842    -0.0871573
-0.0318359    -0.0871957
-0.0308875    -0.087234
-0.0299391    -0.0872722
-0.0289906    -0.0873103
-0.0280422    -0.0873482
-0.0270936    -0.0873861
-0.026145    -0.0874238
-0.0251964    -0.0874614
-0.0242478    -0.087499
-0.023299    -0.0875364
-0.0223503    -0.0875737
-0.0214015    -0.0876109
-0.0204526    -0.0876479
-0.0195038    -0.0876849
-0.0185548    -0.0877218
-0.0176059    -0.0877586
-0.0166568    -0.0877952
-0.0157078    -0.0878318
-0.0147587    -0.0878682
-0.0138095    -0.0879046
-0.0128603    -0.0879408
-0.011911    -0.0879769
-0.0109617    -0.088013
-0.0100124    -0.0880488
-0.009063    -0.0880846
-0.00811356    -0.0881203
-0.00716407    -0.0881558
-0.00621453    -0.0881911
-0.00526493    -0.0882262
-0.00431529    -0.0882611
-0.00336558    -0.0882955
-0.00241573    -0.0883289
-0.00146481    -0.0883573
-0.000795581    -0.0884586
0.000227075    -0.0884478
0.00121087    -0.0884744
0.00218189    -0.0885068
0.00314691    -0.0885406
0.00410853    -0.0885751
0.00506797    -0.0886097
0.00602592    -0.0886443
0.00698279    -0.0886789
0.00793885    -0.0887135
0.00889428    -0.0887479
0.00984921    -0.0887823
0.0108037    -0.0888166
0.0117579    -0.0888508
0.0127119    -0.0888849
0.0136656    -0.0889189
0.0146192    -0.0889528
0.0155725    -0.0889865
0.0165258    -0.0890202
0.017479    -0.0890538
0.018432    -0.0890873
0.019385    -0.0891206
0.020338    -0.0891539
0.0212909    -0.0891871
0.0222438    -0.0892201
0.0231966    -0.0892531
0.0241495    -0.0892859
0.0251023    -0.0893186
0.0260551    -0.0893513
0.027008    -0.0893838
0.0279608    -0.0894162
0.0289137    -0.0894485
0.0298666    -0.0894807
0.0308195    -0.0895127
0.0317724    -0.0895447
0.0327254    -0.0895765
0.0336785    -0.0896083
0.0346316    -0.0896399
0.0355847    -0.0896714
0.0365379    -0.0897027
0.0374911    -0.089734
0.0384444    -0.0897651
0.0393978    -0.0897961
0.0403513    -0.0898269
0.0413048    -0.0898577
0.0422584    -0.0898883
0.0432121    -0.0899187
0.0441658    -0.089949
0.0451197    -0.0899792
0.0460737    -0.0900092
0.0470277    -0.0900391
0.0479819    -0.0900688
0.0489362    -0.0900984
0.0498906    -0.0901278
0.0508451    -0.090157
0.0517997    -0.090186
0.0527545    -0.0902149
0.0537094    -0.0902436
0.0546645    -0.0902721
0.0556197    -0.0903004
0.0565751    -0.0903285
0.0575307    -0.0903564
0.0584864    -0.0903841
0.0594423    -0.0904115
0.0603984    -0.0904387
0.0613548    -0.0904657
0.0623113    -0.0904924
0.0632681    -0.0905188
0.0642251    -0.090545
0.0651824    -0.0905708
0.06614    -0.0905963
0.0670979    -0.0906216
0.0680561    -0.0906464
0.0690146    -0.0906709
0.0699735    -0.090695
0.0709328    -0.0907188
0.0718925    -0.090742
0.0728526    -0.0907648
0.0738132    -0.0907872
0.0747744    -0.090809
0.0757361    -0.0908302
0.0766984    -0.0908508
0.0776614    -0.0908708
0.078625    -0.0908901
0.0795895    -0.0909087
0.0805549    -0.0909264
0.0815211    -0.0909433
0.0824884    -0.0909592
0.0834569    -0.090974
0.0844266    -0.0909878
0.0853977    -0.0910003
0.0863704    -0.0910114
0.0873448    -0.091021
0.0883211    -0.0910289
0.0892996    -0.091035
0.0902807    -0.0910391
0.0912645    -0.0910408
0.0922515    -0.09104
0.0932421    -0.0910364
0.094237    -0.0910295
0.0952367    -0.0910189
0.0962421    -0.0910041
0.0972541    -0.0909846
0.0982742    -0.0909595
0.0993037    -0.0909281
0.100345    -0.0908892
0.1014    -0.0908415
0.102474    -0.0907833
0.103571    -0.0907125
0.104701    -0.0906262
0.105876    -0.0905204
0.107123    -0.0903907
0.108482    -0.0902219
0.110138    -0.090024
0.111995    -0.0895382
0.114326    -0.0885371
0.114673    -0.0870663
0.116028    -0.0856062
0.11413    -0.0844018
0.112497    -0.0842993
0.109626    -0.0859035
0.110917    -0.0878577
0.112602    -0.0876772
0.112562    -0.0868088
0.111617    -0.084866
0.1357    -0.0906176
0.136456    -0.0944633
0.135916    -0.093351
0.134634    -0.0918084
0.134894    -0.0935609
0.135944    -0.0924164
0.136783    -0.0928097
0.137992    -0.0958969
0.135582    -0.0956031
0.133813    -0.0950227
0.133333    -0.0940097
0.137696    -0.0914793
0.138746    -0.0917663
0.139563    -0.0927192
0.138969    -0.0939106
0.138621    -0.0951569
0.136723    -0.0974514
0.134055    -0.0971435
0.13192    -0.095588
0.131691    -0.0937582
0.132578    -0.0925355
0.133546    -0.0913882
0.13533    -0.0901828
0.137576    -0.0898798
0.139524    -0.0899606
0.141212    -0.090209
0.142664    -0.0904865
0.143948    -0.0907273
0.145145    -0.0909434
0.146258    -0.0911074
0.147352    -0.0912615
0.148405    -0.0913858
0.149423    -0.0914724
0.150494    -0.0916049
0.151426    -0.0916201
0.152526    -0.0917569
0.153451    -0.0917699
0.154449    -0.0918067
0.155556    -0.0919486
0.156327    -0.0918224
0.15769    -0.0921233
0.158221    -0.0918533
0.159807    -0.0922668
0.160154    -0.0919103
0.161696    -0.0922727
0.162221    -0.0920166
0.163361    -0.0920545
0.164588    -0.092231
0.16507    -0.0918918
0.167302    -0.0923351
0.166901    -0.0919029
0.169586    -0.0921995
0.168809    -0.0919373
0.171662    -0.092122
0.17072    -0.0919253
0.173726    -0.0921083
0.172674    -0.0919322
0.17537    -0.0925637
0.175715    -0.0921179
0.175534    -0.0915535
0.179177    -0.0920675
0.177539    -0.0916658
0.182019    -0.0920112
0.179455    -0.0916638
0.183951    -0.0917162
0.181285    -0.0916815
0.186095    -0.0915566
0.183035    -0.0914959
0.18826    -0.0914889
0.184919    -0.0913704
0.191024    -0.0920541
0.186873    -0.0912577
0.193909    -0.0909341
0.189845    -0.0918343
0.191707    -0.0918113
0.193111    -0.090675
0.191667    -0.0912843
0.197578    -0.0902516
0.198002    -0.0915437
0.196105    -0.0913559
0.200564    -0.0902935
0.196712    -0.090725
0.203853    -0.0909009
0.198997    -0.0902263
0.208631    -0.0895207
0.202401    -0.0907972
0.207516    -0.0914341
0.206678    -0.08979
0.207108    -0.0911628
0.20575    -0.0907137
0.212451    -0.0895437
0.207328    -0.0891315
0.215968    -0.0897418
0.210632    -0.0893945
0.219437    -0.0886134
0.213498    -0.0892886
0.218163    -0.088414
0.220505    -0.0894936
0.218103    -0.0899202
0.223807    -0.0874783
0.221374    -0.0879701
0.22819    -0.0861646
0.22697    -0.0874956
0.231695    -0.0851733
0.231325    -0.0838475
0.233617    -0.0815986
0.23376    -0.0796343
0.233649    -0.0774232
0.231886    -0.0756755
0.229501    -0.0746622
0.226785    -0.0746376
0.223105    -0.0762428
0.224132    -0.0802653
0.220929    -0.0803929
0.222799    -0.0828488
0.226706    -0.0831736
0.229819    -0.0815617
0.229964    -0.0789178
0.228602    -0.0772473
0.225614    -0.077162
0.225673    -0.0800364
0.224271    -0.0790577
0.225259    -0.0825616
0.228007    -0.0815383
0.228091    -0.0795358
0.275574    -0.0894902
0.280581    -0.0901198
0.274049    -0.0870714
0.279069    -0.0994135
0.27026    -0.0957584
0.275812    -0.091693
0.272866    -0.0930671
0.272712    -0.0924124
0.276202    -0.0885295
0.274137    -0.0917052
0.277355    -0.0902515
0.28175    -0.0930313
0.278414    -0.091509
0.276981    -0.0925722
0.280803    -0.0943987
0.271983    -0.088388
0.277001    -0.0970412
0.278759    -0.0887005
0.281077    -0.0880124
0.280135    -0.0891684
0.28203    -0.0966419
0.279745    -0.0963022
0.270014    -0.0923738
0.277627    -0.094662
0.276253    -0.095225
0.275343    -0.0936921
0.277995    -0.085061
0.278763    -0.0866134
0.282124    -0.0864275
0.284079    -0.0875785
0.28446    -0.0890081
0.284294    -0.0906799
0.285236    -0.0916446
0.280909    -0.0926004
0.284281    -0.0929068
0.276312    -0.100306
0.266786    -0.0905601
0.278942    -0.0973837
0.264982    -0.0902084
0.278262    -0.0798665
0.272274    -0.0966672
0.281922    -0.0795401
0.276213    -0.082657
0.270329    -0.0880243
0.297458    -0.0834767
0.275707    -0.0845924
0.296722    -0.0848869
0.276994    -0.0824242
0.309624    -0.0834799
0.300645    -0.0838052
0.302361    -0.0838481
0.303738    -0.0840749
0.298972    -0.0829767
0.293572    -0.0839257
0.306321    -0.0814314
0.302613    -0.0851032
0.30397    -0.0831979
0.306743    -0.0795466
0.301184    -0.0853621
0.31155    -0.0791443
0.308332    -0.079731
0.31307    -0.07827
0.304465    -0.0823283
0.317653    -0.0774407
0.305313    -0.0812254
0.322684    -0.0761112
0.304467    -0.0803867
0.319201    -0.0771211
0.324548    -0.077408
0.326561    -0.0783167
0.321547    -0.07826
0.326412    -0.0759537
0.323386    -0.0779636
0.319535    -0.0792149
0.310024    -0.0780565
0.323524    -0.0797775
0.34773    -0.0801258
0.326479    -0.0796623
0.349145    -0.0739789
0.320654    -0.0770036
0.34764    -0.0755635
0.344971    -0.0752232
0.350316    -0.0759878
0.350805    -0.0724568
0.34639    -0.0799161
0.352582    -0.073044
0.346172    -0.0788933
0.344133    -0.0789508
0.352644    -0.0759974
0.345543    -0.0777518
0.352318    -0.0777847
0.350462    -0.0784192
0.348901    -0.0784834
0.374129    -0.0625546
0.342058    -0.0760049
0.372267    -0.0612999
0.361764    -0.0570326
0.368439    -0.0582323
0.351042    -0.0561517
0.356292    -0.0543435
0.353662    -0.060165
0.352211    -0.0598106
0.348724    -0.0591455
0.356414    -0.0577189
0.347185    -0.0580605
0.349862    -0.069514
0.352548    -0.0659055
0.35643    -0.060432
0.357559    -0.0619388
0.361759    -0.0599249
0.357742    -0.0640117
0.367842    -0.0612539
0.351043    -0.0587778
0.353089    -0.0573911
0.348228    -0.063266
0.353361    -0.0646811
0.349939    -0.0674773
0.345857    -0.0616777
0.349652    -0.0658979
0.3545    -0.0626511
0.358974    -0.0588266
0.357222    -0.0559581
0.363568    -0.057034
0.441803    -0.0380458
0.358511    -0.0654662
0.437912    -0.0539659
0.356561    -0.0657985
0.435054    -0.0492885
0.365954    -0.059376
0.440451    -0.0411671
0.429569    -0.0607126
0.443166    -0.0536256
0.435488    -0.0449825
0.438216    -0.0603017
0.431348    -0.0537036
0.436311    -0.0464679
0.438417    -0.0445154
0.436145    -0.0521942
0.442532    -0.0557168
0.445351    -0.0487359
0.432286    -0.0567238
0.434653    -0.0307838
0.438244    -0.058067
0.434972    -0.0539607
0.428106    -0.0574586
0.445746    -0.0591033
0.42865    -0.0541963
0.438157    -0.0467676
0.432229    -0.0413803
0.431381    -0.0492609
0.43696    -0.0565776
0.438086    -0.0497986
0.43161    -0.0524976
0.43032    -0.032516
0.4414    -0.061807
0.444968    -0.0367974
0.431855    -0.0232551
0.434111    -0.0444032
0.431839    -0.0360635
0.434277    -0.0401039
0.444221    -0.0577956
0.440883    -0.0514404
0.440796    -0.0539869
0.423794    -0.0660973
0.432749    -0.0449184
0.427235    -0.0275466
0.428729    -0.026866
0.429296    -0.0390607
0.429296    -0.0366277
0.42891    -0.0433943
0.427756    -0.0385606
0.42835    -0.0312571
0.449539    -0.00439156
0.426112    -0.0253763
0.455439    0.0258824
0.469425    0.0126044
0.45709    0.0225969
0.454117    0.0211133
0.438068    0.025789
0.447222    0.0201364
0.44428    0.0222238
0.43689    0.0190446
0.441557    0.0193307
0.453259    0.0247387
0.412377    0.0130909
0.430069    0.0339325
0.459424    0.0235869
0.423395    0.040086
0.437876    0.0211133
0.420277    0.0282887
0.416472    0.0274971
0.423503    0.0371072
0.417717    0.0247518
0.437859    0.00243826
0.417595    0.030471
0.401339    0.0258932
0.408902    0.0199979
0.42328    0.0202205
0.41894    0.00471064
0.403088    0.0197422
0.431977    0.0103673
0.427565    0.009029
0.404609    0.0195538
0.413551    0.00820837
0.439607    -0.00302712
0.430134    -0.00970739
0.417144    -0.0180937
0.410723    0.00668976
0.436473    0.0100056
0.425888    0.00180483
0.436255    0.00657813
0.399113    0.0210087
0.413086    0.00249335
0.419598    0.0195966
0.424322    -0.0286162
0.426201    0.00459548
0.415564    0.00103343
0.423039    0.0266585
0.412082    -0.0205152
0.411834    -0.0090246
0.448922    0.00501131
0.44058    0.0110975
0.411657    -0.00121253
0.419419    -0.0150943
0.416053    -0.0263727
0.419971    0.0117671
0.435653    0.0135271
0.433809    0.00457938
0.442584    0.00738743
0.424545    0.0124514
0.44849    0.0151681
0.444951    0.00952419
0.423088    0.0051028
0.432129    0.00647761
0.423003    0.00725681
0.441268    0.0234895
0.423487    0.0172802
0.419968    0.0167354
0.434138    0.00123442
0.429345    0.00439437
0.444383    -0.000544308
0.453238    0.0146788
0.406997    0.0171972
0.429253    0.0108943
0.439281    0.0150989
0.436209    -0.00252609
0.443805    0.00459212
0.405134    0.00282021
0.429091    -0.0132198
0.398782    0.0377483
