-0.318726    -0.156644
-0.269815    -0.144057
-0.284949    -0.189221
-0.307508    -0.189735
-0.271556    -0.105155
-0.325576    -0.217932
-0.305658    -0.164237
-0.348879    -0.203875
-0.271125    -0.101339
-0.257886    -0.137468
-0.333578    -0.209023
-0.339652    -0.143198
-0.292837    -0.158195
-0.283577    -0.186422
-0.37102    -0.185418
-0.28528    -0.158997
-0.341513    -0.16562
-0.262112    -0.203125
-0.224766    -0.0574161
-0.433317    -0.213369
-0.307376    -0.14872
-0.332284    -0.163245
-0.303146    -0.190555
-0.325097    -0.145416
-0.39675    -0.107217
-0.294055    -0.187165
-0.258927    -0.146101
-0.273701    -0.103586
-0.375723    -0.179961
-0.29452    -0.148722
-0.256037    -0.201829
-0.226134    -0.0620392
-0.386888    -0.145912
-0.420661    -0.0934392
-0.346585    -0.204435
-0.309655    -0.155983
-0.477119    -0.178356
-0.269341    -0.121414
-0.479794    -0.162326
-0.233227    -0.031823
-0.272158    -0.134396
-0.264198    -0.110432
-0.441006    -0.204242
-0.290027    -0.174441
-0.292662    -0.165452
-0.314942    -0.145866
-0.361273    -0.178892
-0.328134    -0.143866
-0.456971    -0.203549
-0.330911    -0.15958
-0.294164    -0.183885
-0.285325    -0.143259
-0.300689    -0.217264
-0.305392    -0.141437
-0.325472    -0.159655
-0.452316    -0.106304
-0.298025    -0.163675
-0.294476    -0.223509
-0.317956    -0.149091
-0.298461    -0.152365
-0.425968    -0.182395
-0.224192    -0.159957
-0.266296    -0.101771
-0.283379    -0.174631
-0.314283    -0.166219
-0.27824    -0.154131
-0.251745    -0.12604
-0.321004    -0.150371
-0.275044    -0.0898794
-0.273381    -0.14071
-0.281461    -0.185044
-0.263815    -0.168667
-0.284004    -0.162282
-0.265017    -0.118029
-0.256877    -0.130675
-0.383422    -0.137459
-0.303888    -0.160478
-0.23525    -0.190035
-0.424191    -0.194091
-0.29628    -0.131958
-0.304814    -0.174157
-0.303582    -0.147774
-0.451258    -0.174981
-0.282018    -0.0869022
-0.293425    -0.179021
-0.261458    -0.153541
-0.309709    -0.1917
-0.271489    -0.167273
-0.292978    -0.169265
-0.277576    -0.129271
-0.272177    -0.150788
-0.315062    -0.1636
-0.328287    -0.214163
-0.365249    -0.194922
-0.351578    -0.164036
-0.363121    -0.196805
-0.292908    -0.225476
-0.282254    -0.157749
-0.342263    -0.152769
-0.316478    -0.143127
-0.30127    -0.171764
-0.365979    -0.156935
-0.283362    -0.171229
-0.323017    -0.216383
-0.276896    -0.181136
-0.27746    -0.151666
-0.278447    -0.166179
-0.286347    -0.179984
-0.314184    -0.194728
-0.35732    -0.169758
-0.357066    -0.164524
-0.470362    -0.169558
-0.275934    -0.161263
-0.287246    -0.147413
-0.365753    -0.17745
-0.275964    -0.157052
-0.36407    -0.183005
-0.317479    -0.179316
-0.298346    -0.160055
-0.31519    -0.152265
-0.36231    -0.16836
-0.369386    -0.175725
-0.347876    -0.156063
-0.475596    -0.121457
-0.356529    -0.187471
-0.298163    -0.177282
-0.359227    -0.16643
-0.254916    -0.156743
-0.286091    -0.166581
-0.399088    -0.16049
-0.471482    -0.187678
-0.304188    -0.21651
-0.488356    -0.140812
-0.311905    -0.157421
-0.322395    -0.1588
-0.319289    -0.153365
-0.328673    -0.164652
-0.325088    -0.181505
-0.257008    -0.194676
-0.367326    -0.182135
-0.33839    -0.192351
-0.305435    -0.15682
-0.222957    -0.113904
-0.325281    -0.141728
-0.290343    -0.22319
-0.316547    -0.189669
-0.311143    -0.178616
-0.334686    -0.199184
-0.265693    -0.166364
-0.309065    -0.160055
-0.335169    -0.170689
-0.310471    -0.148888
-0.325161    -0.164922
-0.296017    -0.157918
-0.321655    -0.166197
-0.443226    -0.13936
-0.326666    -0.177746
-0.33587    -0.182286
-0.414111    -0.135812
-0.327786    -0.184674
-0.354316    -0.189884
-0.33482    -0.16526
-0.258468    -0.12533
-0.319425    -0.161725
-0.321935    -0.16439
-0.299698    -0.180969
-0.327635    -0.169939
-0.315835    -0.176373
-0.323543    -0.17279
-0.306717    -0.184075
-0.303402    -0.198511
-0.336667    -0.173488
-0.31184    -0.161944
-0.295376    -0.191824
-0.335502    -0.18933
-0.343323    -0.191958
-0.282733    -0.150828
-0.330176    -0.170961
-0.273529    -0.183166
-0.370059    -0.125323
-0.245459    -0.190232
-0.311865    -0.185297
-0.311899    -0.169521
-0.303056    -0.152747
-0.435346    -0.138349
-0.333661    -0.184035
-0.418077    -0.117862
-0.320433    -0.175388
-0.425661    -0.130545
-0.423354    -0.137378
-0.401232    -0.140304
-0.283766    -0.146635
-0.421848    -0.142507
-0.417658    -0.14058
-0.415337    -0.156671
-0.417114    -0.137307
-0.422991    -0.123111
-0.408673    -0.137696
-0.41029    -0.135423
-0.444029    -0.130865
-0.45077    -0.154476
-0.426823    -0.141991
-0.447889    -0.140864
-0.396554    -0.138097
-0.424928    -0.121928
-0.421201    -0.133831
-0.405129    -0.145193
-0.419729    -0.117318
-0.438328    -0.126873
-0.430037    -0.140056
-0.414169    -0.162119
-0.435463    -0.150826
-0.44325    -0.154013
-0.423963    -0.135072
-0.429433    -0.133262
-0.433633    -0.132167
-0.421809    -0.147896
-0.433713    -0.145635
-0.412459    -0.13103
-0.432232    -0.123868
-0.444152    -0.123267
-0.409112    -0.128849
-0.442214    -0.158113
-0.448828    -0.161705
-0.439853    -0.142436
-0.423343    -0.152444
-0.414001    -0.151146
-0.436961    -0.14379
-0.363116    -0.148481
-0.453483    -0.12953
-0.395082    -0.14166
-0.399585    -0.134959
-0.446121    -0.143752
-0.414397    -0.145979
-0.43712    -0.135093
-0.428525    -0.137306
-0.435983    -0.128523
-0.440303    -0.128379
-0.426954    -0.125335
-0.432413    -0.147662
-0.424199    -0.143525
-0.422225    -0.157443
-0.444173    -0.136499
-0.414296    -0.122658
-0.42988    -0.146849
-0.403975    -0.130333
-0.424377    -0.148805
-0.40553    -0.120459
-0.338447    -0.179303
-0.428188    -0.121177
-0.387691    -0.132512
-0.434955    -0.161044
-0.427958    -0.155538
-0.351965    -0.176959
-0.242101    -0.372992
-0.299382    -0.361
-0.286679    -0.368928
-0.292536    -0.318323
-0.262179    -0.370695
-0.288242    -0.36464
-0.245134    -0.374066
-0.302729    -0.336209
-0.257182    -0.372452
-0.254043    -0.371882
-0.245793    -0.373044
-0.307817    -0.341806
-0.286222    -0.350642
-0.253235    -0.373397
-0.276302    -0.372312
-0.242373    -0.371588
-0.257624    -0.369912
-0.238058    -0.373557
-0.29218    -0.349676
-0.221497    -0.358089
-0.298088    -0.360023
-0.303867    -0.326073
-0.251999    -0.372321
-0.303708    -0.339203
-0.274161    -0.372711
-0.290902    -0.32094
-0.293053    -0.36083
-0.257939    -0.374588
-0.296563    -0.333704
-0.247976    -0.374706
-0.260283    -0.371905
-0.224816    -0.343505
-0.226175    -0.360414
-0.286447    -0.366038
-0.233345    -0.372595
-0.292183    -0.347325
-0.284957    -0.368673
-0.302599    -0.354306
-0.30488    -0.337387
-0.286764    -0.334411
-0.298646    -0.336387
-0.282259    -0.337677
-0.278515    -0.368602
-0.312187    -0.375103
-0.345043    -0.26753
-0.287194    -0.347751
-0.276395    -0.36871
-0.314806    -0.367298
-0.29244    -0.339802
-0.325641    -0.356617
-0.26235    -0.369598
-0.317662    -0.36636
-0.297047    -0.344356
-0.319991    -0.316386
-0.289703    -0.339142
-0.289961    -0.357374
-0.285451    -0.346174
-0.271292    -0.335802
-0.288063    -0.3565
-0.28338    -0.343531
-0.318118    -0.319419
-0.283799    -0.35627
-0.308145    -0.34574
-0.29369    -0.33655
-0.268436    -0.366386
-0.291182    -0.314815
-0.30377    -0.347343
-0.290335    -0.333425
-0.334975    -0.339084
-0.280902    -0.343939
-0.293014    -0.334109
-0.291634    -0.344738
-0.276746    -0.34703
-0.278065    -0.372995
-0.300529    -0.344476
-0.273555    -0.346974
-0.288043    -0.360499
-0.294924    -0.340413
-0.28898    -0.325535
-0.293087    -0.34305
-0.290945    -0.33631
-0.284642    -0.33828
-0.290088    -0.347152
-0.274666    -0.367143
-0.326837    -0.346239
-0.274745    -0.343345
-0.289764    -0.331101
-0.289455    -0.341682
-0.281885    -0.341962
-0.239482    -0.357603
-0.27991    -0.339547
-0.285145    -0.343651
-0.301751    -0.342234
-0.288898    -0.337572
-0.271741    -0.345728
-0.280015    -0.342525
-0.28461    -0.329462
-0.288432    -0.353474
-0.279929    -0.326841
-0.274787    -0.334993
-0.281344    -0.335204
-0.322602    -0.33923
-0.295763    -0.352864
-0.297066    -0.337525
-0.289438    -0.362011
-0.290422    -0.326574
-0.295856    -0.323383
-0.299437    -0.347418
-0.286158    -0.341602
-0.301944    -0.339114
-0.282834    -0.34896
-0.285129    -0.334651
-0.30399    -0.342923
-0.288536    -0.320321
-0.294651    -0.326109
-0.322316    -0.3158
-0.270634    -0.348268
-0.287338    -0.342566
-0.298864    -0.341122
-0.28291    -0.331808
-0.288765    -0.344628
-0.279185    -0.33019
-0.286524    -0.331867
-0.293269    -0.350764
-0.243888    -0.360767
-0.141499    -0.410707
-0.136691    -0.4183
-0.135574    -0.40074
-0.141477    -0.414631
-0.131212    -0.396286
-0.139937    -0.414144
-0.138604    -0.414527
-0.135538    -0.397437
-0.134599    -0.392603
-0.146446    -0.410871
-0.147717    -0.413113
-0.13258    -0.41998
-0.132939    -0.403153
-0.142544    -0.413538
-0.143967    -0.415999
-0.134868    -0.395926
-0.133372    -0.396333
-0.134866    -0.419543
-0.144393    -0.413499
-0.134968    -0.391481
-0.130788    -0.412472
-0.145024    -0.423697
-0.132558    -0.397079
-0.120372    -0.422716
-0.145539    -0.416638
-0.129056    -0.401689
-0.13139    -0.395203
-0.130897    -0.390969
-0.132186    -0.393252
-0.130065    -0.398596
-0.144351    -0.412042
-0.132775    -0.400247
-0.13624    -0.415719
-0.14269    -0.416021
-0.138212    -0.407558
-0.14869    -0.409454
-0.139235    -0.416123
-0.141298    -0.40913
-0.142436    -0.417987
-0.132761    -0.417325
-0.151182    -0.410806
-0.137686    -0.413062
-0.134705    -0.413306
-0.144871    -0.406875
-0.139361    -0.410535
-0.131006    -0.410642
-0.138462    -0.411971
-0.145454    -0.407924
-0.098591    -0.428634
-0.142418    -0.407967
-0.10359    -0.43217
-0.154006    -0.410936
-0.103919    -0.430837
-0.137642    -0.416664
-0.101044    -0.430941
-0.0983238    -0.432402
-0.0967543    -0.428551
-0.10032    -0.430011
-0.0999995    -0.433033
-0.0989771    -0.429777
-0.0970073    -0.429954
-0.0802403    -0.434906
-0.0976177    -0.432011
-0.0999844    -0.428155
-0.102477    -0.429933
-0.0990017    -0.436612
-0.0780767    -0.434305
-0.108725    -0.427721
-0.0732979    -0.436449
-0.0757297    -0.435269
-0.0759936    -0.436488
-0.0835377    -0.437115
-0.0797867    -0.435924
-0.0750997    -0.441799
-0.0764024    -0.438107
-0.077866    -0.435862
-0.0765589    -0.43704
-0.0600844    -0.440876
-0.078744    -0.433843
-0.0616442    -0.439665
-0.0758529    -0.440731
-0.0608274    -0.439084
-0.0623494    -0.442342
-0.0595727    -0.439134
-0.063062    -0.443537
-0.0624733    -0.440657
-0.0535934    -0.44239
-0.0633875    -0.440294
-0.050073    -0.443606
-0.0522362    -0.442617
-0.0483814    -0.444291
-0.0530474    -0.441869
-0.0458695    -0.444518
-0.0511559    -0.444135
-0.0440796    -0.445152
-0.0467736    -0.445181
-0.0416569    -0.44573
-0.0429346    -0.44585
-0.0394895    -0.445837
-0.0398595    -0.446813
-0.0375652    -0.446565
-0.0364017    -0.446982
-0.035086    -0.447191
-0.0338067    -0.447436
-0.0325154    -0.447657
-0.0312199    -0.447869
-0.0299188    -0.448069
-0.028612    -0.448259
-0.0272988    -0.448437
-0.0259778    -0.448602
-0.0246459    -0.448754
-0.0232949    -0.448886
-0.0218869    -0.448981
-0.0199502    -0.448979
-0.0183585    -0.449398
-0.0169317    -0.449611
-0.0150217    -0.449655
-0.013325    -0.451136
-0.0133365    -0.45208
-0.0146796    -0.450957
-0.0135949    -0.450734
-0.0203826    -0.449636
-0.0150232    -0.451233
-0.00976303    -0.451129
-0.00750565    -0.450749
-0.00583282    -0.450812
-0.00429348    -0.450896
-0.00280576    -0.450974
-0.0013435    -0.451044
0.000104812    -0.451105
0.00154521    -0.451159
0.00298123    -0.451204
0.00441516    -0.451243
0.00584854    -0.451273
0.00728248    -0.451297
0.00871784    -0.451312
0.0101553    -0.45132
0.0115954    -0.451321
0.0130387    -0.451313
0.0144855    -0.451297
0.0159364    -0.451274
0.0173917    -0.451242
0.0188519    -0.451201
0.0203174    -0.451151
0.0217893    -0.451091
0.023268    -0.451022
0.0247491    -0.450935
0.0262931    -0.45087
0.0276305    -0.450622
0.0303716    -0.45079
0.0299524    -0.450226
0.0336377    -0.449774
0.0324692    -0.450319
0.036814    -0.449603
0.0364299    -0.450714
0.0421456    -0.448996
0.0405104    -0.449274
0.0394662    -0.450186
0.0455206    -0.448393
0.0416413    -0.448393
0.051603    -0.446698
0.0465542    -0.449011
0.0504168    -0.447322
0.0492341    -0.448963
0.0565155    -0.445111
0.051887    -0.4483
0.0578012    -0.444566
0.0592568    -0.446535
0.0566785    -0.447048
0.0576293    -0.446425
0.0691002    -0.446344
0.0682391    -0.445598
0.0685808    -0.448258
0.0719234    -0.444822
0.068444    -0.447657
0.0754451    -0.442359
0.0739417    -0.443563
0.0830627    -0.440242
0.0727491    -0.443816
0.0830376    -0.441988
0.0751174    -0.44425
0.0845767    -0.441329
0.0840987    -0.443415
0.0873193    -0.439617
0.081464    -0.441262
0.0954448    -0.437721
0.094479    -0.438197
0.0863478    -0.440944
0.0977064    -0.438823
0.0967541    -0.438051
0.111814    -0.437716
0.095257    -0.440836
0.116571    -0.439884
0.115658    -0.439111
0.113707    -0.43847
0.114877    -0.438158
0.11609    -0.436969
0.130889    -0.433424
0.114833    -0.435807
0.147981    -0.41711
0.129488    -0.43378
0.149467    -0.41611
0.144975    -0.415884
0.152798    -0.41627
0.139532    -0.402321
0.15118    -0.415591
0.139117    -0.400824
0.146552    -0.416262
0.138803    -0.409607
0.146716    -0.414355
0.138037    -0.408823
0.140325    -0.400576
0.128635    -0.414778
0.138116    -0.396816
0.134929    -0.426273
0.139747    -0.41927
0.14666    -0.42383
0.129572    -0.412744
0.143063    -0.419753
0.13476    -0.424696
0.129917    -0.4174
0.123836    -0.416941
0.127645    -0.411564
0.131915    -0.415803
0.137864    -0.407404
0.13532    -0.412829
0.135544    -0.417191
0.126735    -0.419861
0.137627    -0.414019
0.144249    -0.4229
0.149568    -0.418098
0.130591    -0.409088
0.128091    -0.418056
0.138813    -0.416188
0.136929    -0.415133
0.135554    -0.414578
0.134614    -0.409723
0.133705    -0.414839
0.123659    -0.41328
0.134966    -0.411523
0.130911    -0.414111
0.130397    -0.422506
0.133877    -0.417607
0.125411    -0.426805
0.126455    -0.41686
0.133196    -0.410346
0.298959    -0.358116
0.304937    -0.345009
0.302997    -0.36321
0.310677    -0.352433
0.294579    -0.368574
0.302313    -0.367008
0.302352    -0.360575
0.306622    -0.364796
0.306423    -0.367461
0.306582    -0.352126
0.3068    -0.358045
0.305719    -0.356959
0.29926    -0.369449
0.308801    -0.356536
0.312321    -0.35658
0.303262    -0.349744
0.304326    -0.375574
0.314539    -0.345761
0.30899    -0.372105
0.300301    -0.374603
0.311226    -0.350485
0.314477    -0.348762
0.294722    -0.360862
0.314738    -0.363373
0.296748    -0.354909
0.305006    -0.36572
0.310622    -0.360242
0.304046    -0.360106
0.315357    -0.349719
0.312017    -0.376668
0.308886    -0.374878
0.306456    -0.371202
0.303285    -0.355952
0.304203    -0.371936
0.301268    -0.368435
0.297147    -0.394627
0.292749    -0.398855
0.287701    -0.33593
0.298041    -0.350452
0.302338    -0.358035
0.301248    -0.364508
0.303562    -0.370408
0.299521    -0.353497
0.311662    -0.384695
0.303481    -0.353544
0.295647    -0.35935
0.287948    -0.34021
0.292252    -0.333225
0.297704    -0.41436
0.308616    -0.369319
0.309643    -0.354783
0.310207    -0.361892
0.31492    -0.355693
0.308515    -0.362671
0.259988    -0.322978
0.314912    -0.376767
0.298397    -0.359597
0.313099    -0.366958
0.308387    -0.396461
0.305601    -0.360993
0.275967    -0.315696
0.298391    -0.367679
0.309595    -0.394163
0.322885    -0.374826
0.263118    -0.318252
0.270427    -0.325488
0.274378    -0.343019
0.275848    -0.351654
0.279861    -0.298554
0.284046    -0.350087
0.26549    -0.316662
0.273026    -0.354536
0.26438    -0.338786
0.28188    -0.345652
0.281259    -0.336546
0.288015    -0.372333
0.278766    -0.339279
0.317761    -0.373512
0.272397    -0.332242
0.279724    -0.332477
0.299361    -0.393302
0.26423    -0.313051
0.267219    -0.333759
0.264609    -0.325032
0.277835    -0.342713
0.281776    -0.39892
0.272262    -0.326726
0.298073    -0.372077
0.278133    -0.334296
0.275789    -0.332787
0.26542    -0.331191
0.265523    -0.334767
0.293804    -0.378336
0.273957    -0.333839
0.259899    -0.347609
0.2737    -0.339867
0.27711    -0.345181
0.276382    -0.338013
0.270606    -0.336311
0.294554    -0.40461
0.277229    -0.369875
0.265995    -0.329544
0.297076    -0.363292
0.277407    -0.348888
0.267336    -0.336882
0.278218    -0.337548
0.272949    -0.322569
0.270014    -0.332282
0.269278    -0.340963
0.268723    -0.328403
0.287509    -0.351004
0.271989    -0.311842
0.267748    -0.332435
0.262689    -0.332437
0.274235    -0.326043
0.286436    -0.371808
0.275276    -0.346122
0.2822    -0.356869
0.270099    -0.296274
0.271033    -0.30667
0.277739    -0.341013
0.271358    -0.341241
0.282451    -0.338712
0.269778    -0.321241
0.27378    -0.330089
0.389949    -0.133229
0.407439    -0.129784
0.409234    -0.124501
0.416839    -0.168244
0.413949    -0.156189
0.414782    -0.137018
0.393238    -0.144896
0.419677    -0.165914
0.403279    -0.152565
0.412905    -0.149523
0.409729    -0.156369
0.408736    -0.135308
0.416182    -0.138593
0.42062    -0.152121
0.402193    -0.129779
0.408885    -0.151636
0.386561    -0.135742
0.417743    -0.134586
0.421068    -0.109944
0.411777    -0.16764
0.4282    -0.145403
0.430529    -0.154837
0.392474    -0.172578
0.428999    -0.134823
0.42727    -0.155995
0.397663    -0.170789
0.422159    -0.148677
0.416105    -0.143343
0.426269    -0.15881
0.434838    -0.095185
0.436572    -0.150292
0.400563    -0.166066
0.415396    -0.147464
0.398685    -0.107455
0.418184    -0.161016
0.424031    -0.149537
0.402459    -0.144794
0.402284    -0.135007
0.42263    -0.136075
0.435447    -0.126259
0.402582    -0.149545
0.414909    -0.164199
0.398624    -0.121497
0.414086    -0.14213
0.412249    -0.153657
0.395736    -0.148101
0.368168    -0.113788
0.408274    -0.143503
0.399679    -0.145995
0.408479    -0.138138
0.407342    -0.108742
0.428961    -0.147071
0.420766    -0.139634
0.272891    -0.0973294
0.387335    -0.165597
0.405586    -0.125322
0.390649    -0.121504
0.42478    -0.143368
0.398104    -0.0948025
0.419281    -0.14534
0.42492    -0.152142
0.405224    -0.133443
0.42303    -0.159123
0.257537    -0.0877008
0.406767    -0.148774
0.247588    -0.104915
0.420158    -0.132997
0.251303    -0.111558
0.252749    -0.107362
0.256287    -0.125737
0.258228    -0.109015
0.30423    -0.204225
0.249754    -0.10841
0.280435    -0.201123
0.416839    -0.151477
0.266305    -0.0683303
0.316183    -0.182659
0.351602    -0.185768
0.294467    -0.199313
0.254805    -0.111975
0.317289    -0.199201
0.305617    -0.195974
0.323601    -0.195318
0.338648    -0.196204
0.31197    -0.192111
0.287415    -0.201801
0.299666    -0.179252
0.314435    -0.192949
0.322301    -0.19088
0.280082    -0.196122
0.302408    -0.204116
0.304022    -0.200544
0.32192    -0.189051
0.306264    -0.187701
0.217719    -0.148122
0.268207    -0.212422
0.316547    -0.214014
0.254232    -0.123668
0.297785    -0.196001
0.311615    -0.187101
0.254494    -0.106287
0.292512    -0.192335
0.333829    -0.190045
0.310439    -0.201727
0.314443    -0.20544
0.319509    -0.168173
0.319844    -0.196161
0.301629    -0.191492
0.366575    -0.20175
0.320184    -0.198197
0.287326    -0.199829
0.404288    -0.138912
0.313762    -0.197375
0.318276    -0.191062
0.26551    -0.167567
0.306014    -0.19332
0.316986    -0.187415
0.303673    -0.190243
0.303621    -0.198849
0.325119    -0.194304
0.326019    -0.197507
0.325963    -0.186231
0.296183    -0.206874
0.270178    -0.1431
0.26087    -0.22503
0.349275    -0.18534
0.357633    -0.182653
0.257939    -0.138834
0.291078    -0.152313
0.266434    -0.17547
0.299073    -0.215246
0.313976    -0.168903
0.31905    -0.192989
0.3528    -0.188649
0.318769    -0.171618
0.313785    -0.215228
0.350595    -0.193197
0.311147    -0.166098
0.253464    -0.165319
0.284494    -0.18163
0.295505    -0.176155
0.28221    -0.17265
0.345237    -0.188621
0.35951    -0.212785
0.284699    -0.169362
0.285733    -0.179381
0.263122    -0.162266
0.369146    -0.149537
0.291199    -0.175618
0.277854    -0.177135
0.344166    -0.221688
0.294286    -0.205024
0.274857    -0.149191
0.311577    -0.212094
0.364549    -0.18667
0.230752    -0.197913
0.216698    -0.177077
0.271565    -0.197334
0.313389    -0.173417
0.269886    -0.194954
0.29924    -0.170445
0.356969    -0.190729
0.313424    -0.188341
0.267935    -0.184529
0.310243    -0.171242
0.35368    -0.190754
0.286243    -0.177469
0.360278    -0.188924
0.257915    -0.174815
0.296855    -0.181299
0.329489    -0.178436
0.329183    -0.165796
0.408025    -0.214652
0.36413    -0.15276
0.252707    -0.157886
0.415051    -0.1941
0.439485    -0.146126
0.374936    -0.169971
0.364095    -0.16276
0.314005    -0.225617
0.331293    -0.198013
0.454542    -0.118756
0.260485    -0.167213
0.455809    -0.127099
0.324893    -0.206344
0.283852    -0.0488732
0.459582    -0.126051
0.270047    -0.0661963
0.377369    -0.142438
0.341201    -0.186805
0.331542    -0.1661
0.282918    -0.0589173
0.276167    -0.170821
0.430436    -0.100183
0.29562    -0.169364
0.303362    -0.169287
0.283827    -0.190256
0.360064    -0.184924
0.374125    -0.11832
0.290952    -0.164908
0.455954    -0.194416
0.288785    -0.209583
0.269118    -0.157369
0.355699    -0.193548
0.445923    -0.152908
0.299833    -0.208637
0.320488    -0.16445
0.27917    -0.159039
0.42637    -0.102339
0.40012    -0.157574
0.268933    -0.176646
0.268262    -0.171021
0.326496    -0.204155
0.262253    -0.135933
0.317585    -0.167388
0.356709    -0.159339
0.444217    -0.131344
0.292425    -0.229116
0.346308    -0.191476
0.293383    -0.172187
0.450981    -0.124939
0.274996    -0.197382
0.388128    -0.150585
0.263535    -0.172103
0.28798    -0.187375
0.266099    -0.147998
0.405384    -0.113654
0.393401    -0.104961
0.290989    -0.213658
0.284695    -0.203579
0.261579    -0.17717
0.387444    -0.14019
0.399294    -0.112545
0.257903    -0.181401
0.375089    -0.126716
0.273028    -0.226951
0.274987    -0.17704
0.378775    -0.137198
0.463318    -0.172688
0.393892    -0.120411
0.384213    -0.148382
0.43081    -0.211459
0.361823    -0.190389
0.394942    -0.124898
0.397792    -0.157078
0.412054    -0.212454
0.380059    -0.139597
0.222312    -0.0683831
0.370278    -0.157176
0.265282    -0.0765061
