-0.49995    0
-0.49985    0
-0.49975    0
-0.49965    0
-0.49955    0
-0.49945    0
-0.49935    0
-0.49925    0
-0.49915    0
-0.49905    0
-0.49895    0
-0.49885    0
-0.49875    0
-0.49865    0
-0.49855    0
-0.49845    0
-0.49835    0
-0.49825    0
-0.49815    0
-0.49805    0
-0.49795    0
-0.49785    0
-0.49775    0
-0.49765    0
-0.49755    0
-0.49745    0
-0.49735    0
-0.49725    0
-0.49715    0
-0.49705    0
-0.49695    0
-0.49685    0
-0.49675    0
-0.49665    0
-0.49655    0
-0.49645    0
-0.49635    0
-0.49625    0
-0.49615    0
-0.49605    0
-0.49595    0
-0.49585    0
-0.49575    0
-0.49565    0
-0.49555    0
-0.49545    0
-0.49535    0
-0.49525    0
-0.49515    0
-0.49505    0
-0.49495    0
-0.49485    0
-0.49475    0
-0.49465    0
-0.49455    0
-0.49445    0
-0.49435    0
-0.49425    0
-0.49415    0
-0.49405    0
-0.49395    0
-0.49385    0
-0.49375    0
-0.49365    0
-0.49355    0
-0.49345    0
-0.49335    0
-0.49325    0
-0.49315    0
-0.49305    0
-0.49295    0
-0.49285    0
-0.49275    0
-0.49265    0
-0.49255    0
-0.49245    0
-0.49235    0
-0.49225    0
-0.49215    0
-0.49205    0
-0.49195    0
-0.49185    0
-0.49175    0
-0.49165    0
-0.49155    0
-0.49145    0
-0.49135    0
-0.49125    0
-0.49115    0
-0.49105    0
-0.49095    0
-0.49085    0
-0.49075    0
-0.49065    0
-0.49055    0
-0.49045    0
-0.49035    0
-0.49025    0
-0.49015    0
-0.49005    0
-0.48995    0
-0.48985    0
-0.48975    0
-0.48965    0
-0.48955    0
-0.48945    0
-0.48935    0
-0.48925    0
-0.48915    0
-0.48905    0
-0.48895    0
-0.48885    0
-0.48875    0
-0.48865    0
-0.48855    0
-0.48845    0
-0.48835    0
-0.48825    0
-0.48815    0
-0.48805    0
-0.48795    0
-0.48785    0
-0.48775    0
-0.48765    0
-0.48755    0
-0.48745    0
-0.48735    0
-0.48725    0
-0.48715    0
-0.48705    0
-0.48695    0
-0.48685    0
-0.48675    0
-0.48665    0
-0.48655    0
-0.48645    0
-0.48635    0
-0.48625    0
-0.48615    0
-0.48605    0
-0.48595    0
-0.48585    0
-0.48575    0
-0.48565    0
-0.48555    0
-0.48545    0
-0.48535    0
-0.48525    0
-0.48515    0
-0.48505    0
-0.48495    0
-0.48485    0
-0.48475    0
-0.48465    0
-0.48455    0
-0.48445    0
-0.48435    0
-0.48425    0
-0.48415    0
-0.48405    0
-0.48395    0
-0.48385    0
-0.48375    0
-0.48365    0
-0.48355    0
-0.48345    0
-0.48335    0
-0.48325    0
-0.48315    0
-0.48305    0
-0.48295    0
-0.48285    0
-0.48275    0
-0.48265    0
-0.48255    0
-0.48245    0
-0.48235    0
-0.48225    0
-0.48215    0
-0.48205    0
-0.48195    0
-0.48185    0
-0.48175    0
-0.48165    0
-0.48155    0
-0.48145    0
-0.48135    0
-0.48125    0
-0.48115    0
-0.48105    0
-0.48095    0
-0.48085    0
-0.48075    0
-0.48065    0
-0.48055    0
-0.48045    0
-0.48035    0
-0.48025    0
-0.48015    0
-0.48005    0
-0.47995    0
-0.47985    0
-0.47975    0
-0.47965    0
-0.47955    0
-0.47945    0
-0.47935    0
-0.47925    0
-0.47915    0
-0.47905    0
-0.47895    0
-0.47885    0
-0.47875    0
-0.47865    0
-0.47855    0
-0.47845    0
-0.47835    0
-0.47825    0
-0.47815    0
-0.47805    0
-0.47795    0
-0.47785    0
-0.47775    0
-0.47765    0
-0.47755    0
-0.47745    0
-0.47735    0
-0.47725    0
-0.47715    0
-0.47705    0
-0.47695    0
-0.47685    0
-0.47675    0
-0.47665    0
-0.47655    0
-0.47645    0
-0.47635    0
-0.47625    0
-0.47615    0
-0.47605    0
-0.47595    0
-0.47585    0
-0.47575    0
-0.47565    0
-0.47555    0
-0.47545    0
-0.47535    0
-0.47525    0
-0.47515    0
-0.47505    0
-0.47495    0
-0.47485    0
-0.47475    0
-0.47465    0
-0.47455    0
-0.47445    0
-0.47435    0
-0.47425    0
-0.47415    0
-0.47405    0
-0.47395    0
-0.47385    0
-0.47375    0
-0.47365    0
-0.47355    0
-0.47345    0
-0.47335    0
-0.47325    0
-0.47315    0
-0.47305    0
-0.47295    0
-0.47285    0
-0.47275    0
-0.47265    0
-0.47255    0
-0.47245    0
-0.47235    0
-0.47225    0
-0.47215    0
-0.47205    0
-0.47195    0
-0.47185    0
-0.47175    0
-0.47165    0
-0.47155    0
-0.47145    0
-0.47135    0
-0.47125    0
-0.47115    0
-0.47105    0
-0.47095    0
-0.47085    0
-0.47075    0
-0.47065    0
-0.47055    0
-0.47045    0
-0.47035    0
-0.47025    0
-0.47015    0
-0.47005    0
-0.46995    0
-0.46985    0
-0.46975    0
-0.46965    0
-0.46955    0
-0.46945    0
-0.46935    0
-0.46925    0
-0.46915    0
-0.46905    0
-0.46895    0
-0.46885    0
-0.46875    0
-0.46865    0
-0.46855    0
-0.46845    0
-0.46835    0
-0.46825    0
-0.46815    0
-0.46805    0
-0.46795    0
-0.46785    0
-0.46775    0
-0.46765    0
-0.46755    0
-0.46745    0
-0.46735    0
-0.46725    0
-0.46715    0
-0.46705    0
-0.46695    0
-0.46685    0
-0.46675    0
-0.46665    0
-0.46655    0
-0.46645    0
-0.46635    0
-0.46625    0
-0.46615    0
-0.46605    0
-0.46595    0
-0.46585    0
-0.46575    0
-0.46565    0
-0.46555    0
-0.46545    0
-0.46535    0
-0.46525    0
-0.46515    0
-0.46505    0
-0.46495    0
-0.46485    0
-0.46475    0
-0.46465    0
-0.46455    0
-0.46445    0
-0.46435    0
-0.46425    0
-0.46415    0
-0.46405    0
-0.46395    0
-0.46385    0
-0.46375    0
-0.46365    0
-0.46355    0
-0.46345    0
-0.46335    0
-0.46325    0
-0.46315    0
-0.46305    0
-0.46295    0
-0.46285    0
-0.46275    0
-0.46265    0
-0.46255    0
-0.46245    0
-0.46235    0
-0.46225    0
-0.46215    0
-0.46205    0
-0.46195    0
-0.46185    0
-0.46175    0
-0.46165    0
-0.46155    0
-0.46145    0
-0.46135    0
-0.46125    0
-0.46115    0
-0.46105    0
-0.46095    0
-0.46085    0
-0.46075    0
-0.46065    0
-0.46055    0
-0.46045    0
-0.46035    0
-0.46025    0
-0.46015    0
-0.46005    0
-0.45995    0
-0.45985    0
-0.45975    0
-0.45965    0
-0.45955    0
-0.45945    0
-0.45935    0
-0.45925    0
-0.45915    0
-0.45905    0
-0.45895    0
-0.45885    0
-0.45875    0
-0.45865    0
-0.45855    0
-0.45845    0
-0.45835    0
-0.45825    0
-0.45815    0
-0.45805    0
-0.45795    0
-0.45785    0
-0.45775    0
-0.45765    0
-0.45755    0
-0.45745    0
-0.45735    0
-0.45725    0
-0.45715    0
-0.45705    0
-0.45695    0
-0.45685    0
-0.45675    0
-0.45665    0
-0.45655    0
-0.45645    0
-0.45635    0
-0.45625    0
-0.45615    0
-0.45605    0
-0.45595    0
-0.45585    0
-0.45575    0
-0.45565    0
-0.45555    0
-0.45545    0
-0.45535    0
-0.45525    0
-0.45515    0
-0.45505    0
-0.45495    0
-0.45485    0
-0.45475    0
-0.45465    0
-0.45455    0
-0.45445    0
-0.45435    0
-0.45425    0
-0.45415    0
-0.45405    0
-0.45395    0
-0.45385    0
-0.45375    0
-0.45365    0
-0.45355    0
-0.45345    0
-0.45335    0
-0.45325    0
-0.45315    0
-0.45305    0
-0.45295    0
-0.45285    0
-0.45275    0
-0.45265    0
-0.45255    0
-0.45245    0
-0.45235    0
-0.45225    0
-0.45215    0
-0.45205    0
-0.45195    0
-0.45185    0
-0.45175    0
-0.45165    0
-0.45155    0
-0.45145    0
-0.45135    0
-0.45125    0
-0.45115    0
-0.45105    0
-0.45095    0
-0.45085    0
-0.45075    0
-0.45065    0
-0.45055    0
-0.45045    0
-0.45035    0
-0.45025    0
-0.45015    0
-0.45005    0
-0.44995    0
-0.44985    0
-0.44975    0
-0.44965    0
-0.44955    0
-0.44945    0
-0.44935    0
-0.44925    0
-0.44915    0
-0.44905    0
-0.44895    0
-0.44885    0
-0.44875    0
-0.44865    0
-0.44855    0
-0.44845    0
-0.44835    0
-0.44825    0
-0.44815    0
-0.44805    0
-0.44795    0
-0.44785    0
-0.44775    0
-0.44765    0
-0.44755    0
-0.44745    0
-0.44735    0
-0.44725    0
-0.44715    0
-0.44705    0
-0.44695    0
-0.44685    0
-0.44675    0
-0.44665    0
-0.44655    0
-0.44645    0
-0.44635    0
-0.44625    0
-0.44615    0
-0.44605    0
-0.44595    0
-0.44585    0
-0.44575    0
-0.44565    0
-0.44555    0
-0.44545    0
-0.44535    0
-0.44525    0
-0.44515    0
-0.44505    0
-0.44495    0
-0.44485    0
-0.44475    0
-0.44465    0
-0.44455    0
-0.44445    0
-0.44435    0
-0.44425    0
-0.44415    0
-0.44405    0
-0.44395    0
-0.44385    0
-0.44375    0
-0.44365    0
-0.44355    0
-0.44345    0
-0.44335    0
-0.44325    0
-0.44315    0
-0.44305    0
-0.44295    0
-0.44285    0
-0.44275    0
-0.44265    0
-0.44255    0
-0.44245    0
-0.44235    0
-0.44225    0
-0.44215    0
-0.44205    0
-0.44195    0
-0.44185    0
-0.44175    0
-0.44165    0
-0.44155    0
-0.44145    0
-0.44135    0
-0.44125    0
-0.44115    0
-0.44105    0
-0.44095    0
-0.44085    0
-0.44075    0
-0.44065    0
-0.44055    0
-0.44045    0
-0.44035    0
-0.44025    0
-0.44015    0
-0.44005    0
-0.43995    0
-0.43985    0
-0.43975    0
-0.43965    0
-0.43955    0
-0.43945    0
-0.43935    0
-0.43925    0
-0.43915    0
-0.43905    0
-0.43895    0
-0.43885    0
-0.43875    0
-0.43865    0
-0.43855    0
-0.43845    0
-0.43835    0
-0.43825    0
-0.43815    0
-0.43805    0
-0.43795    0
-0.43785    0
-0.43775    0
-0.43765    0
-0.43755    0
-0.43745    0
-0.43735    0
-0.43725    0
-0.43715    0
-0.43705    0
-0.43695    0
-0.43685    0
-0.43675    0
-0.43665    0
-0.43655    0
-0.43645    0
-0.43635    0
-0.43625    0
-0.43615    0
-0.43605    0
-0.43595    0
-0.43585    0
-0.43575    0
-0.43565    0
-0.43555    0
-0.43545    0
-0.43535    0
-0.43525    0
-0.43515    0
-0.43505    0
-0.43495    0
-0.43485    0
-0.43475    0
-0.43465    0
-0.43455    0
-0.43445    0
-0.43435    0
-0.43425    0
-0.43415    0
-0.43405    0
-0.43395    0
-0.43385    0
-0.43375    0
-0.43365    0
-0.43355    0
-0.43345    0
-0.43335    0
-0.43325    0
-0.43315    0
-0.43305    0
-0.43295    0
-0.43285    0
-0.43275    0
-0.43265    0
-0.43255    0
-0.43245    0
-0.43235    0
-0.43225    0
-0.43215    0
-0.43205    0
-0.43195    0
-0.43185    0
-0.43175    0
-0.43165    0
-0.43155    0
-0.43145    0
-0.43135    0
-0.43125    0
-0.43115    0
-0.43105    0
-0.43095    0
-0.43085    0
-0.43075    0
-0.43065    0
-0.43055    0
-0.43045    0
-0.43035    0
-0.43025    0
-0.43015    0
-0.43005    0
-0.42995    0
-0.42985    0
-0.42975    0
-0.42965    0
-0.42955    0
-0.42945    0
-0.42935    0
-0.42925    0
-0.42915    0
-0.42905    0
-0.42895    0
-0.42885    0
-0.42875    0
-0.42865    0
-0.42855    0
-0.42845    0
-0.42835    0
-0.42825    0
-0.42815    0
-0.42805    0
-0.42795    0
-0.42785    0
-0.42775    0
-0.42765    0
-0.42755    0
-0.42745    0
-0.42735    0
-0.42725    0
-0.42715    0
-0.42705    0
-0.42695    0
-0.42685    0
-0.42675    0
-0.42665    0
-0.42655    0
-0.42645    0
-0.42635    0
-0.42625    0
-0.42615    0
-0.42605    0
-0.42595    0
-0.42585    0
-0.42575    0
-0.42565    0
-0.42555    0
-0.42545    0
-0.42535    0
-0.42525    0
-0.42515    0
-0.42505    0
-0.42495    0
-0.42485    0
-0.42475    0
-0.42465    0
-0.42455    0
-0.42445    0
-0.42435    0
-0.42425    0
-0.42415    0
-0.42405    0
-0.42395    0
-0.42385    0
-0.42375    0
-0.42365    0
-0.42355    0
-0.42345    0
-0.42335    0
-0.42325    0
-0.42315    0
-0.42305    0
-0.42295    0
-0.42285    0
-0.42275    0
-0.42265    0
-0.42255    0
-0.42245    0
-0.42235    0
-0.42225    0
-0.42215    0
-0.42205    0
-0.42195    0
-0.42185    0
-0.42175    0
-0.42165    0
-0.42155    0
-0.42145    0
-0.42135    0
-0.42125    0
-0.42115    0
-0.42105    0
-0.42095    0
-0.42085    0
-0.42075    0
-0.42065    0
-0.42055    0
-0.42045    0
-0.42035    0
-0.42025    0
-0.42015    0
-0.42005    0
-0.41995    0
-0.41985    0
-0.41975    0
-0.41965    0
-0.41955    0
-0.41945    0
-0.41935    0
-0.41925    0
-0.41915    0
-0.41905    0
-0.41895    0
-0.41885    0
-0.41875    0
-0.41865    0
-0.41855    0
-0.41845    0
-0.41835    0
-0.41825    0
-0.41815    0
-0.41805    0
-0.41795    0
-0.41785    0
-0.41775    0
-0.41765    0
-0.41755    0
-0.41745    0
-0.41735    0
-0.41725    0
-0.41715    0
-0.41705    0
-0.41695    0
-0.41685    0
-0.41675    0
-0.41665    0
-0.41655    0
-0.41645    0
-0.41635    0
-0.41625    0
-0.41615    0
-0.41605    0
-0.41595    0
-0.41585    0
-0.41575    0
-0.41565    0
-0.41555    0
-0.41545    0
-0.41535    0
-0.41525    0
-0.41515    0
-0.41505    0
-0.41495    0
-0.41485    0
-0.41475    0
-0.41465    0
-0.41455    0
-0.41445    0
-0.41435    0
-0.41425    0
-0.41415    0
-0.41405    0
-0.41395    0
-0.41385    0
-0.41375    0
-0.41365    0
-0.41355    0
-0.41345    0
-0.41335    0
-0.41325    0
-0.41315    0
-0.41305    0
-0.41295    0
-0.41285    0
-0.41275    0
-0.41265    0
-0.41255    0
-0.41245    0
-0.41235    0
-0.41225    0
-0.41215    0
-0.41205    0
-0.41195    0
-0.41185    0
-0.41175    0
-0.41165    0
-0.41155    0
-0.41145    0
-0.41135    0
-0.41125    0
-0.41115    0
-0.41105    0
-0.41095    0
-0.41085    0
-0.41075    0
-0.41065    0
-0.41055    0
-0.41045    0
-0.41035    0
-0.41025    0
-0.41015    0
-0.41005    0
-0.40995    0
-0.40985    0
-0.40975    0
-0.40965    0
-0.40955    0
-0.40945    0
-0.40935    0
-0.40925    0
-0.40915    0
-0.40905    0
-0.40895    0
-0.40885    0
-0.40875    0
-0.40865    0
-0.40855    0
-0.40845    0
-0.40835    0
-0.40825    0
-0.40815    0
-0.40805    0
-0.40795    0
-0.40785    0
-0.40775    0
-0.40765    0
-0.40755    0
-0.40745    0
-0.40735    0
-0.40725    0
-0.40715    0
-0.40705    0
-0.40695    0
-0.40685    0
-0.40675    0
-0.40665    0
-0.40655    0
-0.40645    0
-0.40635    0
-0.40625    0
-0.40615    0
-0.40605    0
-0.40595    0
-0.40585    0
-0.40575    0
-0.40565    0
-0.40555    0
-0.40545    0
-0.40535    0
-0.40525    0
-0.40515    0
-0.40505    0
-0.40495    0
-0.40485    0
-0.40475    0
-0.40465    0
-0.40455    0
-0.40445    0
-0.40435    0
-0.40425    0
-0.40415    0
-0.40405    0
-0.40395    0
-0.40385    0
-0.40375    0
-0.40365    0
-0.40355    0
-0.40345    0
-0.40335    0
-0.40325    0
-0.40315    0
-0.40305    0
-0.40295    0
-0.40285    0
-0.40275    0
-0.40265    0
-0.40255    0
-0.40245    0
-0.40235    0
-0.40225    0
-0.40215    0
-0.40205    0
-0.40195    0
-0.40185    0
-0.40175    0
-0.40165    0
-0.40155    0
-0.40145    0
-0.40135    0
-0.40125    0
-0.40115    0
-0.40105    0
-0.40095    0
-0.40085    0
-0.40075    0
-0.40065    0
-0.40055    0
-0.40045    0
-0.40035    0
-0.40025    0
-0.40015    0
-0.40005    0
-0.39995    0
-0.39985    0
-0.39975    0
-0.39965    0
-0.39955    0
-0.39945    0
-0.39935    0
-0.39925    0
-0.39915    0
-0.39905    0
-0.39895    0
-0.39885    0
-0.39875    0
-0.39865    0
-0.39855    0
-0.39845    0
-0.39835    0
-0.39825    0
-0.39815    0
-0.39805    0
-0.39795    0
-0.39785    0
-0.39775    0
-0.39765    0
-0.39755    0
-0.39745    0
-0.39735    0
-0.39725    0
-0.39715    0
-0.39705    0
-0.39695    0
-0.39685    0
-0.39675    0
-0.39665    0
-0.39655    0
-0.39645    0
-0.39635    0
-0.39625    0
-0.39615    0
-0.39605    0
-0.39595    0
-0.39585    0
-0.39575    0
-0.39565    0
-0.39555    0
-0.39545    0
-0.39535    0
-0.39525    0
-0.39515    0
-0.39505    0
-0.39495    0
-0.39485    0
-0.39475    0
-0.39465    0
-0.39455    0
-0.39445    0
-0.39435    0
-0.39425    0
-0.39415    0
-0.39405    0
-0.39395    0
-0.39385    0
-0.39375    0
-0.39365    0
-0.39355    0
-0.39345    0
-0.39335    0
-0.39325    0
-0.39315    0
-0.39305    0
-0.39295    0
-0.39285    0
-0.39275    0
-0.39265    0
-0.39255    0
-0.39245    0
-0.39235    0
-0.39225    0
-0.39215    0
-0.39205    0
-0.39195    0
-0.39185    0
-0.39175    0
-0.39165    0
-0.39155    0
-0.39145    0
-0.39135    0
-0.39125    0
-0.39115    0
-0.39105    0
-0.39095    0
-0.39085    0
-0.39075    0
-0.39065    0
-0.39055    0
-0.39045    0
-0.39035    0
-0.39025    0
-0.39015    0
-0.39005    0
-0.38995    0
-0.38985    0
-0.38975    0
-0.38965    0
-0.38955    0
-0.38945    0
-0.38935    0
-0.38925    0
-0.38915    0
-0.38905    0
-0.38895    0
-0.38885    0
-0.38875    0
-0.38865    0
-0.38855    0
-0.38845    0
-0.38835    0
-0.38825    0
-0.38815    0
-0.38805    0
-0.38795    0
-0.38785    0
-0.38775    0
-0.38765    0
-0.38755    0
-0.38745    0
-0.38735    0
-0.38725    0
-0.38715    0
-0.38705    0
-0.38695    0
-0.38685    0
-0.38675    0
-0.38665    0
-0.38655    0
-0.38645    0
-0.38635    0
-0.38625    0
-0.38615    0
-0.38605    0
-0.38595    0
-0.38585    0
-0.38575    0
-0.38565    0
-0.38555    0
-0.38545    0
-0.38535    0
-0.38525    0
-0.38515    0
-0.38505    0
-0.38495    0
-0.38485    0
-0.38475    0
-0.38465    0
-0.38455    0
-0.38445    0
-0.38435    0
-0.38425    0
-0.38415    0
-0.38405    0
-0.38395    0
-0.38385    0
-0.38375    0
-0.38365    0
-0.38355    0
-0.38345    0
-0.38335    0
-0.38325    0
-0.38315    0
-0.38305    0
-0.38295    0
-0.38285    0
-0.38275    0
-0.38265    0
-0.38255    0
-0.38245    0
-0.38235    0
-0.38225    0
-0.38215    0
-0.38205    0
-0.38195    0
-0.38185    0
-0.38175    0
-0.38165    0
-0.38155    0
-0.38145    0
-0.38135    0
-0.38125    0
-0.38115    0
-0.38105    0
-0.38095    0
-0.38085    0
-0.38075    0
-0.38065    0
-0.38055    0
-0.38045    0
-0.38035    0
-0.38025    0
-0.38015    0
-0.38005    0
-0.37995    0
-0.37985    0
-0.37975    0
-0.37965    0
-0.37955    0
-0.37945    0
-0.37935    0
-0.37925    0
-0.37915    0
-0.37905    0
-0.37895    0
-0.37885    0
-0.37875    0
-0.37865    0
-0.37855    0
-0.37845    0
-0.37835    0
-0.37825    0
-0.37815    0
-0.37805    0
-0.37795    0
-0.37785    0
-0.37775    0
-0.37765    0
-0.37755    0
-0.37745    0
-0.37735    0
-0.37725    0
-0.37715    0
-0.37705    0
-0.37695    0
-0.37685    0
-0.37675    0
-0.37665    0
-0.37655    0
-0.37645    0
-0.37635    0
-0.37625    0
-0.37615    0
-0.37605    0
-0.37595    0
-0.37585    0
-0.37575    0
-0.37565    0
-0.37555    0
-0.37545    0
-0.37535    0
-0.37525    0
-0.37515    0
-0.37505    0
