-0.303189    -0.312427
-0.302042    -0.302932
-0.277991    -0.31985
-0.283717    -0.32882
-0.201496    -0.341926
-0.362416    -0.124256
-0.311622    -0.338231
-0.286169    -0.15634
-0.209792    -0.337577
-0.313593    -0.401652
-0.305706    -0.14357
-0.298725    -0.395285
-0.295477    -0.331133
-0.31266    -0.234773
-0.285092    -0.189629
-0.293735    -0.258405
-0.295713    -0.29715
-0.318704    -0.24405
-0.160143    -0.255472
-0.436752    -0.0903059
-0.290175    -0.32783
-0.290125    -0.31928
-0.27986    -0.272419
-0.314894    -0.386405
-0.26245    -0.330022
-0.276461    -0.313333
-0.334759    -0.391517
-0.203932    -0.33648
-0.289935    -0.168686
-0.303417    -0.258715
-0.303297    -0.274133
-0.1562    -0.253359
-0.278678    -0.193969
-0.261231    -0.28934
-0.293945    -0.172327
-0.292837    -0.33517
-0.333636    -0.0845303
-0.230576    -0.376801
-0.300147    -0.104647
-0.15615    -0.203745
-0.302256    -0.401768
-0.219499    -0.361292
-0.407616    -0.0824029
-0.282725    -0.283045
-0.299663    -0.342011
-0.282813    -0.291019
-0.315344    -0.125786
-0.318134    -0.377652
-0.398035    -0.0845876
-0.283924    -0.303606
-0.279978    -0.314675
-0.319699    -0.353995
-0.355262    -0.158133
-0.286131    -0.295808
-0.298287    -0.31951
-0.278222    -0.25774
-0.309687    -0.343682
-0.358076    -0.190375
-0.286128    -0.302464
-0.291357    -0.342708
-0.359062    -0.085182
-0.275865    -0.413062
-0.203273    -0.339662
-0.272981    -0.306564
-0.298083    -0.311517
-0.296039    -0.267154
-0.271218    -0.39831
-0.294966    -0.318918
-0.194082    -0.311341
-0.326308    -0.395921
-0.312258    -0.230392
-0.311036    -0.242107
-0.277918    -0.302055
-0.236717    -0.376241
-0.266075    -0.39981
-0.351306    -0.135407
-0.311758    -0.355209
-0.33124    -0.42111
-0.414948    -0.0930017
-0.282079    -0.396618
-0.309087    -0.329572
-0.285626    -0.311041
-0.346072    -0.077282
-0.191037    -0.29752
-0.277305    -0.307953
-0.303387    -0.288182
-0.280457    -0.345848
-0.315615    -0.23141
-0.302797    -0.333698
-0.25288    -0.391209
-0.283031    -0.310195
-0.310342    -0.325713
-0.336206    -0.13422
-0.298434    -0.201568
-0.313397    -0.368062
-0.282495    -0.174153
-0.355589    -0.194496
-0.284157    -0.276072
-0.32261    -0.36477
-0.305771    -0.298617
-0.304877    -0.352818
-0.303868    -0.371154
-0.288506    -0.262866
-0.340624    -0.127658
-0.338666    -0.211497
-0.297063    -0.270568
-0.288225    -0.25951
-0.278176    -0.290817
-0.290885    -0.350667
-0.291158    -0.358427
-0.29538    -0.362145
-0.33584    -0.0911663
-0.28916    -0.275089
-0.321824    -0.351588
-0.296866    -0.13543
-0.280982    -0.285817
-0.308055    -0.195622
-0.305909    -0.350546
-0.305256    -0.32945
-0.298758    -0.324877
-0.296164    -0.368724
-0.346479    -0.148763
-0.307767    -0.387949
-0.275513    -0.220253
-0.307439    -0.205824
-0.279064    -0.297456
-0.299339    -0.365411
-0.29424    -0.300243
-0.286637    -0.307799
-0.272935    -0.17194
-0.382813    -0.0699788
-0.350808    -0.170623
-0.286537    -0.117877
-0.299893    -0.330927
-0.291241    -0.322227
-0.312695    -0.31992
-0.300577    -0.318275
-0.297224    -0.351173
-0.300102    -0.287222
-0.31231    -0.133362
-0.342829    -0.139265
-0.306724    -0.33604
-0.196011    -0.358958
-0.322224    -0.357917
-0.353083    -0.191296
-0.279057    -0.338349
-0.279706    -0.326379
-0.307007    -0.138427
-0.306199    -0.25019
-0.306414    -0.323574
-0.305567    -0.317862
-0.28932    -0.335674
-0.294825    -0.308165
-0.287423    -0.273071
-0.292748    -0.314726
-0.315501    -0.198717
-0.312092    -0.347082
-0.284293    -0.345255
-0.312778    -0.168209
-0.293498    -0.344821
-0.299967    -0.197075
-0.284459    -0.298749
-0.253725    -0.397422
-0.303027    -0.323079
-0.291306    -0.299216
-0.294083    -0.339416
-0.302498    -0.308601
-0.302607    -0.340773
-0.314958    -0.349349
-0.277436    -0.331727
-0.333258    -0.201045
-0.30777    -0.381592
-0.303938    -0.305194
-0.33909    -0.181233
-0.346735    -0.132981
-0.34576    -0.128845
-0.293293    -0.267332
-0.310666    -0.386933
-0.336022    -0.20744
-0.271325    -0.36307
-0.333176    -0.388517
-0.283988    -0.32164
-0.313191    -0.359434
-0.293491    -0.325675
-0.321685    -0.20511
-0.287817    -0.349815
-0.320663    -0.168509
-0.303709    -0.36103
-0.314772    -0.158173
-0.310594    -0.173442
-0.327355    -0.184149
-0.290389    -0.304043
-0.315813    -0.133428
-0.318006    -0.141685
-0.312348    -0.148126
-0.313173    -0.189232
-0.318386    -0.176102
-0.300036    -0.174631
-0.310331    -0.161481
-0.290273    -0.173326
-0.311323    -0.19166
-0.306254    -0.170578
-0.318459    -0.191329
-0.30761    -0.181163
-0.321983    -0.164247
-0.29643    -0.185834
-0.301711    -0.159705
-0.301982    -0.191514
-0.313702    -0.179693
-0.299975    -0.18497
-0.27397    -0.201461
-0.31162    -0.211342
-0.29606    -0.194713
-0.306955    -0.185162
-0.320445    -0.159424
-0.312986    -0.185951
-0.310412    -0.185204
-0.289945    -0.159669
-0.315813    -0.163011
-0.3229    -0.193626
-0.289692    -0.210025
-0.3189    -0.203623
-0.330131    -0.145655
-0.304577    -0.173699
-0.321694    -0.172253
-0.312453    -0.202056
-0.305705    -0.156971
-0.321975    -0.185488
-0.299391    -0.381768
-0.297147    -0.167015
-0.328119    -0.161841
-0.326918    -0.199614
-0.336436    -0.155544
-0.300173    -0.164588
-0.302339    -0.215096
-0.301579    -0.188432
-0.315309    -0.167617
-0.325774    -0.174623
-0.316955    -0.180632
-0.317915    -0.207401
-0.30843    -0.175422
-0.298002    -0.155101
-0.316065    -0.205796
-0.30271    -0.168195
-0.290261    -0.14846
-0.294111    -0.219414
-0.321019    -0.178042
-0.326543    -0.188359
-0.309171    -0.363975
-0.284555    -0.215094
-0.277218    -0.280999
-0.309231    -0.155243
-0.318369    -0.185204
-0.297651    -0.246332
-0.371985    -0.337748
-0.374325    -0.38656
-0.378352    -0.370608
-0.395307    -0.397539
-0.402088    -0.415682
-0.391588    -0.376221
-0.370648    -0.344251
-0.383683    -0.395812
-0.383346    -0.367382
-0.342113    -0.375976
-0.367263    -0.348145
-0.388481    -0.39323
-0.383637    -0.354269
-0.37187    -0.383241
-0.3904    -0.382611
-0.426629    -0.372296
-0.36183    -0.40594
-0.431301    -0.370596
-0.375804    -0.370743
-0.370822    -0.493137
-0.392104    -0.396701
-0.392445    -0.401728
-0.337782    -0.356151
-0.382113    -0.391172
-0.36338    -0.385984
-0.419588    -0.420303
-0.357477    -0.395069
-0.365605    -0.407044
-0.378051    -0.389582
-0.367935    -0.344031
-0.421512    -0.39752
-0.352734    -0.495016
-0.382142    -0.482289
-0.375431    -0.381113
-0.43406    -0.422782
-0.377054    -0.379435
-0.39357    -0.38825
-0.380944    -0.39761
-0.398773    -0.405296
-0.394909    -0.381983
-0.362468    -0.379181
-0.375192    -0.37683
-0.381814    -0.388414
-0.333636    -0.280528
-0.384451    -0.176781
-0.386602    -0.407467
-0.377888    -0.40681
-0.324746    -0.307509
-0.404264    -0.38868
-0.328988    -0.337616
-0.417117    -0.39296
-0.325639    -0.336033
-0.377704    -0.375306
-0.382124    -0.357617
-0.386893    -0.383586
-0.393093    -0.392983
-0.398647    -0.374463
-0.37913    -0.363856
-0.390075    -0.390947
-0.370418    -0.388629
-0.367862    -0.394587
-0.371736    -0.333756
-0.385572    -0.372001
-0.368804    -0.401391
-0.342163    -0.38776
-0.38362    -0.386497
-0.390232    -0.367381
-0.37921    -0.386404
-0.324805    -0.286656
-0.4062    -0.37859
-0.370774    -0.381832
-0.374271    -0.389423
-0.386585    -0.394364
-0.388601    -0.36202
-0.38106    -0.380655
-0.404598    -0.40422
-0.396774    -0.3891
-0.388671    -0.372501
-0.402024    -0.394049
-0.381555    -0.393624
-0.369154    -0.363914
-0.394027    -0.373718
-0.376509    -0.38597
-0.373025    -0.4173
-0.38548    -0.423805
-0.380836    -0.383894
-0.388286    -0.388145
-0.400114    -0.393197
-0.408545    -0.37563
-0.422709    -0.45741
-0.352366    -0.372127
-0.399966    -0.381811
-0.379075    -0.394149
-0.394861    -0.385152
-0.391638    -0.405991
-0.359429    -0.398359
-0.415969    -0.397654
-0.386816    -0.389998
-0.371289    -0.375997
-0.375299    -0.400559
-0.372435    -0.392494
-0.414808    -0.386362
-0.410297    -0.391343
-0.389546    -0.401066
-0.393707    -0.379512
-0.371375    -0.39597
-0.399459    -0.395509
-0.40278    -0.38655
-0.3671    -0.38642
-0.396375    -0.400814
-0.413135    -0.397955
-0.404583    -0.392304
-0.383927    -0.382563
-0.357301    -0.378421
-0.420797    -0.387367
-0.402734    -0.37005
-0.360941    -0.38177
-0.364688    -0.384161
-0.365153    -0.366728
-0.386311    -0.3976
-0.390561    -0.408049
-0.358605    -0.389192
-0.416003    -0.395704
-0.372791    -0.352755
-0.436231    -0.432591
-0.189514    -0.529764
-0.19122    -0.530263
-0.203632    -0.541582
-0.196098    -0.537523
-0.197696    -0.56471
-0.195963    -0.545603
-0.193587    -0.544175
-0.157175    -0.580489
-0.193734    -0.562046
-0.186287    -0.538665
-0.190782    -0.55528
-0.18754    -0.542385
-0.197349    -0.540201
-0.189002    -0.53878
-0.193157    -0.540845
-0.194235    -0.564188
-0.196933    -0.561268
-0.192413    -0.535853
-0.189194    -0.548118
-0.20161    -0.542555
-0.179436    -0.551032
-0.200774    -0.535834
-0.197725    -0.558546
-0.210511    -0.523447
-0.195926    -0.529418
-0.197698    -0.552988
-0.198147    -0.543712
-0.190363    -0.538769
-0.19622    -0.56348
-0.197167    -0.550274
-0.193543    -0.538823
-0.195763    -0.56084
-0.193302    -0.547927
-0.195432    -0.534077
-0.192143    -0.54324
-0.189745    -0.541528
-0.191453    -0.534518
-0.193576    -0.553973
-0.195119    -0.544104
-0.188452    -0.534983
-0.192074    -0.549945
-0.193852    -0.546787
-0.190766    -0.532899
-0.190509    -0.543208
-0.195743    -0.548149
-0.181837    -0.535818
-0.192725    -0.553314
-0.197921    -0.532343
-0.171517    -0.58665
-0.201956    -0.543988
-0.178268    -0.57467
-0.187308    -0.569313
-0.166064    -0.585114
-0.19494    -0.528196
-0.172307    -0.583971
-0.171424    -0.582882
-0.170934    -0.580367
-0.166935    -0.58395
-0.166451    -0.582876
-0.173147    -0.580659
-0.169551    -0.581645
-0.126119    -0.590294
-0.17392    -0.586177
-0.167729    -0.58266
-0.168763    -0.580417
-0.177185    -0.582482
-0.119362    -0.592735
-0.170843    -0.584751
-0.121011    -0.59784
-0.12196    -0.593555
-0.116133    -0.591358
-0.125714    -0.588723
-0.121716    -0.595838
-0.124407    -0.591758
-0.12051    -0.593711
-0.122084    -0.590442
-0.118302    -0.594598
-0.0985011    -0.597875
-0.118461    -0.593571
-0.0968743    -0.597837
-0.123593    -0.589456
-0.0965069    -0.59975
-0.0967796    -0.596314
-0.099508    -0.599759
-0.0939174    -0.600454
-0.0956409    -0.601061
-0.0766251    -0.600587
-0.0932187    -0.601935
-0.0767015    -0.603445
-0.0783294    -0.605653
-0.0810422    -0.605398
-0.0778776    -0.603477
-0.0787277    -0.603037
-0.0762582    -0.604737
-0.0723553    -0.609716
-0.0807199    -0.603363
-0.0720407    -0.608338
-0.0707531    -0.608758
-0.0648859    -0.610255
-0.0661613    -0.610039
-0.0571051    -0.609279
-0.056121    -0.609469
-0.0582496    -0.610172
-0.058305    -0.612385
-0.0522277    -0.61136
-0.0509979    -0.612007
-0.0468365    -0.612429
-0.0483299    -0.612499
-0.0444385    -0.612916
-0.0408331    -0.613057
-0.0386545    -0.613807
-0.0364824    -0.614118
-0.0338145    -0.614144
-0.0289003    -0.614567
-0.0277534    -0.618291
-0.0299806    -0.617582
-0.0300266    -0.615316
-0.0279324    -0.61697
-0.031109    -0.615636
-0.0268312    -0.617895
-0.028678    -0.61736
-0.0420476    -0.613448
-0.0306645    -0.618102
-0.0206648    -0.618351
-0.0151656    -0.616492
-0.0125259    -0.616718
-0.0101597    -0.616906
-0.00786217    -0.617021
-0.00560728    -0.617098
-0.0033781    -0.617146
-0.0011646    -0.617171
0.00103961    -0.617175
0.00323881    -0.617159
0.00543606    -0.617126
0.00763366    -0.617075
0.00983344    -0.617006
0.012037    -0.61692
0.0142457    -0.616816
0.016461    -0.616694
0.0186844    -0.616553
0.0209198    -0.616394
0.0231595    -0.616207
0.0254493    -0.616017
0.0277918    -0.615816
0.0297707    -0.615318
0.0341313    -0.614532
0.0327348    -0.615322
0.038019    -0.614707
0.0382011    -0.613794
0.0444753    -0.612018
0.0449624    -0.613205
0.0417737    -0.612652
0.0459539    -0.612044
0.0558917    -0.612761
0.0579054    -0.609936
0.0581363    -0.612153
0.0620979    -0.611715
0.0567948    -0.61203
0.0707605    -0.611248
0.0585749    -0.610877
0.0773845    -0.604147
0.0716843    -0.610365
0.0772777    -0.603077
0.0802495    -0.602338
0.0732741    -0.605708
0.0824756    -0.607484
0.0759581    -0.60383
0.0799236    -0.604831
0.0772873    -0.60612
0.0749749    -0.604924
0.110505    -0.607106
0.115578    -0.604859
0.126296    -0.597823
0.1108    -0.602764
0.111983    -0.60516
0.112941    -0.603321
0.113307    -0.604848
0.12248    -0.595326
0.109582    -0.604066
0.119767    -0.594635
0.115044    -0.607175
0.124866    -0.595102
0.123975    -0.591515
0.122114    -0.593481
0.123635    -0.593978
0.147028    -0.588326
0.148838    -0.588078
0.123663    -0.596789
0.150914    -0.589151
0.146915    -0.590155
0.206068    -0.549126
0.149777    -0.59032
0.197167    -0.54651
0.209461    -0.550962
0.2109    -0.548673
0.211622    -0.550516
0.212088    -0.546826
0.16321    -0.555066
0.2094    -0.54904
0.195847    -0.562894
0.167291    -0.558943
0.181818    -0.562005
0.185581    -0.552384
0.197837    -0.562246
0.18973    -0.576747
0.177665    -0.554562
0.200396    -0.560165
0.183915    -0.551185
0.189806    -0.549613
0.179505    -0.546398
0.185436    -0.561337
0.190057    -0.574742
0.185874    -0.558547
0.201095    -0.553924
0.17694    -0.569174
0.190769    -0.566963
0.181112    -0.571695
0.180995    -0.545492
0.176179    -0.558147
0.18861    -0.562002
0.173405    -0.553936
0.175464    -0.553579
0.185384    -0.5564
0.188516    -0.551259
0.177853    -0.552821
0.179235    -0.565726
0.180413    -0.552493
0.180022    -0.56325
0.17621    -0.561896
0.167007    -0.562371
0.183144    -0.558619
0.188787    -0.565173
0.185182    -0.563228
0.183901    -0.555092
0.176552    -0.560144
0.195072    -0.550438
0.180894    -0.555756
0.18596    -0.549913
0.187138    -0.555675
0.183075    -0.55403
0.187228    -0.54881
0.171671    -0.558567
0.190135    -0.55358
0.193447    -0.556192
0.180599    -0.558208
0.185246    -0.547705
0.379406    -0.391813
0.406346    -0.402657
0.366847    -0.364334
0.390767    -0.388929
0.408312    -0.385835
0.384076    -0.39874
0.40023    -0.384894
0.386269    -0.402174
0.383798    -0.39337
0.381728    -0.402767
0.371302    -0.395218
0.366754    -0.396969
0.395874    -0.385895
0.403448    -0.392959
0.34728    -0.359485
0.372197    -0.388471
0.384957    -0.396458
0.361983    -0.411784
0.383849    -0.38947
0.366186    -0.389372
0.379301    -0.397692
0.35221    -0.368958
0.39262    -0.387034
0.375364    -0.347399
0.391625    -0.399692
0.375324    -0.398464
0.396871    -0.383531
0.374636    -0.396127
0.389449    -0.350162
0.386942    -0.388171
0.399488    -0.37559
0.373508    -0.393165
0.396173    -0.395748
0.392986    -0.393698
0.400943    -0.402567
0.338208    -0.323055
0.349164    -0.321482
0.421556    -0.37201
0.396683    -0.402408
0.381422    -0.406203
0.37298    -0.408289
0.385942    -0.390901
0.392218    -0.402853
0.414852    -0.423499
0.369866    -0.375079
0.366852    -0.392628
0.433274    -0.401072
0.427434    -0.42161
0.359024    -0.316221
0.381049    -0.395313
0.378334    -0.394359
0.39554    -0.37694
0.35889    -0.366056
0.376906    -0.385502
0.38616    -0.377664
0.382624    -0.418933
0.411446    -0.380309
0.366108    -0.354896
0.33825    -0.375237
0.386973    -0.383719
0.397573    -0.466503
0.385159    -0.426308
0.336677    -0.373138
0.349328    -0.374605
0.39646    -0.404268
0.362016    -0.371974
0.355456    -0.395441
0.381071    -0.379477
0.382447    -0.470814
0.377074    -0.404839
0.356146    -0.372796
0.385935    -0.431
0.373666    -0.400136
0.354031    -0.36484
0.389682    -0.381405
0.327556    -0.362705
0.387527    -0.410732
0.412592    -0.393833
0.388575    -0.375862
0.392466    -0.374782
0.334969    -0.320766
0.427681    -0.438276
0.370004    -0.391914
0.382588    -0.41592
0.386591    -0.404671
0.363712    -0.318735
0.379107    -0.415555
0.405455    -0.390145
0.374993    -0.404252
0.388093    -0.393564
0.404534    -0.384325
0.398424    -0.410796
0.395253    -0.431432
0.379818    -0.385761
0.409685    -0.423527
0.399083    -0.416134
0.361537    -0.404249
0.393199    -0.396468
0.402525    -0.382411
0.343821    -0.337102
0.336171    -0.345063
0.395692    -0.41066
0.389409    -0.39639
0.390767    -0.406038
0.3919    -0.383105
0.362503    -0.38454
0.397306    -0.361808
0.371034    -0.384621
0.384204    -0.408034
0.399732    -0.387883
0.397552    -0.418735
0.417065    -0.449277
0.376341    -0.38958
0.379652    -0.402353
0.420665    -0.374638
0.331522    -0.363631
0.395088    -0.41472
0.387634    -0.397823
0.387924    -0.469973
0.400962    -0.464433
0.351811    -0.385654
0.388767    -0.385129
0.377737    -0.423385
0.372899    -0.377652
0.393653    -0.389224
0.266791    -0.21376
0.30221    -0.217017
0.329788    -0.204377
0.298921    -0.168698
0.298262    -0.222933
0.283423    -0.184289
0.305363    -0.221928
0.287305    -0.195928
0.296012    -0.18886
0.296313    -0.19242
0.284005    -0.188155
0.302502    -0.18518
0.297798    -0.166603
0.301683    -0.182288
0.280907    -0.185532
0.277092    -0.185757
0.312624    -0.198593
0.302497    -0.164115
0.297765    -0.263423
0.288123    -0.238939
0.314065    -0.184565
0.274428    -0.220257
0.259846    -0.203776
0.327727    -0.148946
0.291936    -0.22244
0.284379    -0.226209
0.307127    -0.159329
0.310997    -0.195165
0.307683    -0.205049
0.285227    -0.263507
0.305101    -0.206852
0.289645    -0.192189
0.306317    -0.184736
0.287821    -0.309869
0.289751    -0.188633
0.297781    -0.177708
0.286468    -0.183178
0.308599    -0.191405
0.296014    -0.151895
0.332987    -0.144267
0.302072    -0.14639
0.285418    -0.179691
0.318867    -0.137023
0.303207    -0.17969
0.310685    -0.206099
0.294591    -0.176254
0.286239    -0.344148
0.306517    -0.198685
0.307748    -0.170493
0.30198    -0.194557
0.298391    -0.31976
0.302471    -0.198486
0.270538    -0.213187
0.200608    -0.297849
0.259552    -0.156684
0.322156    -0.145281
0.310419    -0.140117
0.307459    -0.188364
0.276532    -0.312026
0.301929    -0.173135
0.311387    -0.181057
0.314493    -0.164861
0.293325    -0.184842
0.189419    -0.299474
0.289427    -0.18122
0.196607    -0.335067
0.299285    -0.174351
0.206244    -0.332
0.2028    -0.326686
0.21819    -0.35299
0.203262    -0.331576
0.30185    -0.351372
0.201392    -0.335551
0.34426    -0.187741
0.2984    -0.182272
0.187903    -0.26007
0.296956    -0.301889
0.299356    -0.155943
0.30816    -0.331894
0.20187    -0.330055
0.300867    -0.281223
0.303825    -0.29193
0.306338    -0.285189
0.293873    -0.216146
0.308251    -0.325367
0.339475    -0.186217
0.310042    -0.399682
0.307636    -0.288659
0.323358    -0.226156
0.32069    -0.225418
0.301888    -0.349254
0.301141    -0.291236
0.312497    -0.301596
0.297955    -0.305478
0.216381    -0.390987
0.327626    -0.24626
0.340452    -0.19049
0.221288    -0.352613
0.315534    -0.305823
0.310225    -0.305314
0.197905    -0.32926
0.3316    -0.174179
0.306031    -0.306119
0.312911    -0.325409
0.305883    -0.378958
0.310937    -0.373429
0.308238    -0.292317
0.307545    -0.30264
0.269898    -0.179806
0.312141    -0.268459
0.33508    -0.178241
0.305169    -0.191086
0.308329    -0.389846
0.313353    -0.307716
0.329128    -0.401076
0.304945    -0.288127
0.303729    -0.296361
0.310132    -0.299244
0.302789    -0.301516
0.299574    -0.28971
0.309682    -0.290106
0.300612    -0.274541
0.296516    -0.367969
0.238131    -0.385911
0.315057    -0.347794
0.291536    -0.159324
0.296091    -0.158694
0.251015    -0.39751
0.259135    -0.394497
0.316115    -0.298503
0.325752    -0.169205
0.298088    -0.40562
0.312591    -0.310603
0.301321    -0.212781
0.313429    -0.377595
0.336911    -0.200599
0.281247    -0.146975
0.308951    -0.39565
0.3239    -0.400283
0.306121    -0.271431
0.31276    -0.38545
0.30645    -0.375969
0.292601    -0.196387
0.276397    -0.156482
0.309186    -0.359557
0.307478    -0.340121
0.319579    -0.417103
0.334944    -0.182661
0.310786    -0.405427
0.305874    -0.357868
0.314463    -0.122063
0.305714    -0.297831
0.249243    -0.394416
0.331538    -0.133921
0.277727    -0.171046
0.314367    -0.43147
0.25085    -0.420449
0.317963    -0.251619
0.315564    -0.389938
0.332197    -0.246911
0.312606    -0.366334
0.29583    -0.202023
0.293497    -0.302412
0.316533    -0.259926
0.316056    -0.400065
0.285917    -0.198344
0.304057    -0.275772
0.291688    -0.199354
0.307757    -0.280016
0.311033    -0.38085
0.279613    -0.393256
0.278161    -0.399703
0.383086    -0.0990531
0.332406    -0.140365
0.299175    -0.421202
0.320107    -0.101319
0.281649    -0.220492
0.262716    -0.175361
0.308917    -0.135756
0.330099    -0.127267
0.299746    -0.380831
0.322731    -0.188
0.309639    -0.365815
0.260475    -0.220848
0.305641    -0.26113
0.186291    -0.226959
0.310644    -0.216416
0.184397    -0.263136
0.315638    -0.191046
0.301155    -0.370885
0.280743    -0.396709
0.19304    -0.239743
0.309627    -0.354396
0.290283    -0.270717
0.305399    -0.342944
0.315304    -0.363845
0.296978    -0.292092
0.292022    -0.149732
0.302054    -0.314669
0.330825    -0.405491
0.364859    -0.0828
0.329487    -0.178964
0.297413    -0.415279
0.293586    -0.211659
0.298779    -0.234084
0.300018    -0.37885
0.319435    -0.401523
0.289931    -0.418088
0.304363    -0.24489
0.296657    -0.148916
0.312397    -0.322796
0.320232    -0.38376
0.302487    -0.310782
0.228985    -0.377929
0.315855    -0.402674
0.297772    -0.342472
0.320283    -0.157426
0.336219    -0.160513
0.294345    -0.205644
0.307344    -0.40305
0.319918    -0.204099
0.326308    -0.234299
0.308216    -0.178468
0.311319    -0.32766
0.323725    -0.236007
0.26989    -0.406095
0.289661    -0.314816
0.300099    -0.258447
0.317485    -0.244524
0.317375    -0.235504
0.304084    -0.3639
0.256502    -0.192052
0.290214    -0.288283
0.312937    -0.291413
0.31378    -0.243426
0.331653    -0.226523
0.305079    -0.352993
0.274784    -0.168542
0.327222    -0.0845103
0.284017    -0.156943
0.280205    -0.227446
0.369678    -0.0971424
0.281523    -0.194848
0.300811    -0.150667
0.304011    -0.154374
0.385314    -0.0943362
0.287367    -0.215989
0.162438    -0.270003
0.298383    -0.206438
0.193915    -0.272975
