      0        0        0        0        0        0        0        0        0        0        0        0  
      0        0        0        0        0        0        0        0        0        0        0        0  
      0        0        0     3.02     3.02     3.02     3.02     3.02     3.02        0        0        0  
      0        0     3.02    -5.05    -2.02    -2.02    -2.02    -2.02    -5.05     3.02        0        0  
      0        0     3.02    -2.02        1        1        1        1    -2.02     3.02        0        0  
      0        0     3.02    -2.02        1        1        1        1    -2.02     3.02        0        0  
      0        0     3.02    -2.02        1        1        1        1    -2.02     3.02        0        0  
      0        0     3.02    -2.02        1        1        1        1    -2.02     3.02        0        0  
      0        0     3.02    -5.05    -2.02    -2.02    -2.02    -2.02    -5.05     3.02        0        0  
      0        0        0     3.02     3.02     3.02     3.02     3.02     3.02        0        0        0  
      0        0        0        0        0        0        0        0        0        0        0        0  
      0        0        0        0        0        0        0        0        0        0        0        0  
