0.267184
0.229047
0.262688
0.301836
0.225865
0.343703
0.315613
0.329404
0.412736
0.263164
0.289746
0.368389
0.38377
0.273188
0.347864
0.322109
0.312242
0.353786
0.175455
0.350117
0.209427
0.253566
0.232555
0.311381
0.238035
0.34724
0.317713
0.21979
0.31407
0.298839
0.30448
0.282972
0.280881
0.409917
0.294404
0.311297
0.259483
0.312962
0.23807
0.3367
0.255938
0.360808
0.318445
0.396473
0.230628
0.275537
0.292306
0.300533
0.22976
0.252629
0.262968
0.353779
0.284869
0.314006
0.24734
0.334672
0.154813
0.258667
0.312522
0.250763
0.363349
0.411175
0.23261
0.304961
0.273351
0.271168
0.373614
0.281999
0.316088
0.315651
0.223933
0.290441
0.254265
0.224074
0.338627
0.26726
0.310204
0.341072
0.318885
0.214212
0.232774
0.288721
0.284055
0.285948
0.284818
0.331419
0.254947
0.384172
0.27604
0.277573
0.156611
0.281378
0.311341
0.323066
0.337499
0.405508
0.320813
0.220397
0.27979
0.375421
