0.367684
0.36327
0.137129
0.404745
0.329664
0.295485
0.343598
0.279549
0.210172
0.286367
0.365326
0.332352
0.149075
0.352782
0.313472
0.3681
0.380717
0.2618
0.312869
0.265231
0.188895
0.275523
0.170339
0.439196
0.248729
0.456467
0.354476
0.104005
0.204543
0.309308
0.547872
0.400562
0.332476
0.179815
0.223519
0.304418
0.158309
0.335133
0.359209
0.247895
0.354231
0.215242
0.316728
0.256007
0.332879
0.349347
0.428392
0.141666
0.204787
0.238379
0.369871
0.373584
0.324691
0.309508
0.339062
0.293966
0.465448
0.403567
0.298824
0.345945
0.29824
0.333713
0.215352
0.341552
0.211382
0.383745
0.234913
0.256965
0.500731
0.288401
0.253354
0.523823
0.365062
0.216344
0.255733
0.2967
0.310769
0.33626
0.38808
0.244819
0.148597
0.372118
0.272518
0.307036
0.288333
0.503785
0.318328
0.26331
0.218413
0.422638
0.326054
0.278976
0.349676
0.346405
0.284256
0.426162
0.46801
0.287604
0.353236
0.151355
