0.290231
0.298526
0.311879
0.316363
0.319647
0.303228
0.290256
0.307142
0.301979
0.289908
0.308124
0.292154
0.295529
0.29351
0.29543
0.295427
0.28974
0.296857
0.316699
0.2958
0.307418
0.295106
0.294678
0.31672
0.2942
0.308754
0.274138
0.28945
0.289444
0.289452
0.313294
0.295693
0.316782
0.290248
0.312149
0.305859
0.293655
0.288036
0.317449
0.309105
0.308184
0.309409
0.286719
0.301267
0.298901
0.284821
0.291379
0.295556
0.288225
0.30299
0.302932
0.301248
0.315304
0.301952
0.313183
0.310354
0.297574
0.30595
0.301553
0.27736
0.299281
0.313553
0.290977
0.308765
0.293718
0.300153
0.288892
0.288971
0.308238
0.289463
0.305638
0.299296
0.298175
0.317654
0.291753
0.297292
0.316205
0.289451
0.297386
0.283836
0.314705
0.296739
0.303794
0.299826
0.283451
0.289462
0.322823
0.291172
0.310844
0.294304
0.303854
0.300979
0.29649
0.292334
0.297752
0.306218
0.300813
0.29598
0.310301
0.292828
