0.180068
0.0471295
0.305168
0.43387
0.102109
0.225168
0.392071
0.343933
0.48227
0.349847
0.327118
0.339803
0.287013
0.308362
0.153763
0.147907
0.242518
0.192658
0.226722
0.583051
0.18376
0.244644
0.334769
0.224594
0.540337
0.173374
0.282919
0.234531
0.726006
0.470274
0.200171
0.281213
0.515501
0.146748
0.185915
0.353589
0.532221
0.140526
0.420495
0.265121
0.421419
0.242394
0.350877
0.209745
0.398955
0.262738
0.195919
0.472317
0.473332
0.540681
0.161614
0.357344
0.288299
0.275355
0.304305
0.550289
0.329221
0.498455
0.257829
0.185793
0.371669
0.322128
0.187933
0.394181
0.481522
0.337019
0.299182
0.344272
0.345619
0.480692
0.481358
0.147791
0.204895
0.422724
0.454015
0.242351
0.241675
0.125563
0.164765
0.23372
0.217083
0.334975
0.420684
0.639972
0.482716
0.541045
0.249091
0.461344
0.398954
0.226497
0.3114
0.346223
0.267773
0.156447
0.566246
0.440316
0.372936
0.298896
0.371567
0.262743
