0.105034
0.0842147
0.180979
0.334031
-0.000747749
0
0.243603
0.525716
0.410193
0.446516
-0.00257904
0.377245
0.138037
0.344038
0.394398
0.384975
0.331203
0.242689
0.250075
0.407247
0.388222
0.27392
0.108013
0.500237
0.563254
0.250521
0.357082
0.34457
0.259867
0.753128
0.368781
0.373432
0.116533
0.0956997
0.26945
0.551538
0.938535
0.119899
0.691744
0.371202
0.312352
0.487271
0.181133
0.250961
0.146297
0.114115
0.363703
0.329815
0.451276
0.223824
0.159234
0.38409
0.422882
0.630477
0.41389
0.0684469
0.0789646
-0.00193381
0.177104
-0.00156507
0.426484
0.193503
0.643706
0.27566
0.384888
0.399885
0.315967
0.323059
0.428093
0.295831
0.288059
0.13306
0.410629
0.414523
0.456203
0.263467
0.229487
0.129531
0.0405558
0.0251595
0.437404
0.528345
0.197821
0.315509
0.291382
0.2788
0.63589
0.407327
0.276055
0.208773
-0.00167336
0.151556
0.210003
0.365249
0.635612
0.324214
0.364685
0.308292
0.166248
0.803682
