0.303415
0.320719
0.303991
0.292913
0.313337
0.353552
0.284256
0.284848
0.299454
0.303612
0.259602
0.312631
0.247943
0.286135
0.310128
0.33892
0.313426
0.299149
0.277898
0.25759
0.305398
0.295146
0.308058
0.306946
0.291071
0.30249
0.28961
0.311267
0.334904
0.299791
0.306665
0.313713
0.341553
0.334463
0.293068
0.317725
0.271431
0.280003
0.295987
0.260763
0.315805
0.340045
0.300633
0.294141
0.297986
0.285493
0.307711
0.283213
0.271046
0.305116
0.304266
0.325967
0.285744
0.316819
0.310286
0.269074
0.269657
0.285906
0.324101
0.273974
0.293875
0.280744
0.307522
0.249262
0.298864
0.289884
0.287459
0.30171
0.302268
0.300906
0.311657
0.277512
0.311016
0.282444
0.3235
0.312359
0.286597
0.288651
0.29967
0.304854
0.316879
0.25744
0.30896
0.313301
0.336204
0.285766
0.304495
0.294408
0.340438
0.324083
0.315716
0.299748
0.250573
0.327167
0.318313
0.262464
0.273605
0.292399
0.314986
0.317934
